1.068598979129378845e+00 9.672802191566544083e-01 1.026681392749197341e+00
1.107103931373606631e+00 9.024575908272431946e-01 1.029661087294675426e+00
9.856163657607668327e-01 1.047723099547278824e+00 9.888424343192563359e-01
9.438455959039184773e-01 1.006101701177055441e+00 1.076824661956173212e+00
1.027958291972194349e+00 1.004510330811207552e+00 1.025695766979473511e+00
9.925084772784655840e-01 9.565634643535505521e-01 9.952257625125744411e-01
1.023581252552841159e+00 9.963774662633072543e-01 9.735005750609042607e-01
1.033873357969830264e+00 9.599730895797192742e-01 9.943709733508895310e-01
9.838785492734302141e-01 9.560876306193457630e-01 1.046957412295489220e+00
9.338266974629098049e-01 1.046754366150068671e+00 1.035967584305568678e+00
9.963507161079473429e-01 1.024053560274140962e+00 1.043377340964617650e+00
1.061918060301469291e+00 1.021871777642878287e+00 1.000200664602800771e+00
9.924427993472991760e-01 9.734655546300665652e-01 1.079207049272855601e+00
9.684142680808546233e-01 9.745272039617516313e-01 1.050990479769548624e+00
1.008036114608501288e+00 9.757426772457024056e-01 9.616705468780862853e-01
1.042585688250573739e+00 8.767989673027132280e-01 1.104765395770670011e+00
1.014340784099294845e+00 1.051601541885754498e+00 1.103613433059684068e+00
1.061071723853857396e+00 1.058191946455160792e+00 1.046690534793200511e+00
9.187668895232938837e-01 9.275297615593705025e-01 1.025747653806319049e+00
1.034710348506466593e+00 1.050214208865737353e+00 9.686925325530131303e-01
1.071722283720455859e+00 1.045495843863750718e+00 9.700560102588433598e-01
9.680007361123216247e-01 9.998847578010876536e-01 9.600469957128824339e-01
1.026311172774527325e+00 1.000767439073490861e+00 8.851003904394481037e-01
1.054209947993680618e+00 1.038180124113911251e+00 1.008116816313141317e+00
1.020246286232563415e+00 1.029125528404535528e+00 1.004935650278484527e+00
1.107399164137322423e+00 9.949460306611225269e-01 9.533210246917132036e-01
1.058903701118578011e+00 9.378333078903362541e-01 1.002045648693192792e+00
1.064822655616164848e+00 1.002612874850432600e+00 1.099270037388410337e+00
1.050300059302199385e+00 1.027728559957713506e+00 1.009512240674952377e+00
9.436282571066453295e-01 1.058174831593260867e+00 9.423998079293610663e-01
9.060994324572306802e-01 9.371722612104738115e-01 9.691745822731036020e-01
1.070917826871377709e+00 1.041454381074430557e+00 9.640048025636479556e-01
1.086405947549013984e+00 9.631831777452279919e-01 9.472097585367880157e-01
1.012671650921484146e+00 1.041213585618654180e+00 1.024505712263565238e+00
9.444057748767150651e-01 9.700104633238019192e-01 1.012780242198316527e+00
1.009052129185596058e+00 1.045012778673530818e+00 1.024813718127686624e+00
1.018109186832289792e+00 9.712625584647647248e-01 8.814588735345246784e-01
1.016547457294455059e+00 1.036094438335958046e+00 1.006283037417815329e+00
1.059597337373154868e+00 9.866601002988719671e-01 1.016228680622510483e+00
1.092763912026230688e+00 9.927919110850137452e-01 9.431872724744890801e-01
9.252488994596053118e-01 1.092409015425862773e+00 1.061551241950756008e+00
1.048198522899078666e+00 1.013874527220202104e+00 9.661411306490218509e-01
9.803124711877808650e-01 1.042574352104682411e+00 1.007349955399241770e+00
9.395867141121183597e-01 1.047566404809876284e+00 9.811469527833149851e-01
1.008318319633108029e+00 1.093117728058296212e+00 1.085320206669893484e+00
1.012223624806063205e+00 1.058734662595329779e+00 9.682101921991561611e-01
1.097763938778158588e+00 9.996892659116166646e-01 1.021875697671403627e+00
1.033308715482993190e+00 1.013250642017720971e+00 1.046988748976443562e+00
9.590834042307834206e-01 9.980457569204187473e-01 1.020666870769400436e+00
1.030240918638328562e+00 8.728770955347744387e-01 1.087808947477021393e+00
9.829795687368882984e-01 1.051706665410954145e+00 9.681084620397478746e-01
1.028340246686057835e+00 8.844981704797648669e-01 9.419697367344596062e-01
9.606172607332458258e-01 9.700087173581848354e-01 9.749405071702048620e-01
1.001626673668289058e+00 1.021646083334566191e+00 1.015781197297530802e+00
1.030543188217562411e+00 1.087535975301630709e+00 9.878003991065548162e-01
9.858635788835127256e-01 1.103537099527299725e+00 1.125818478625931540e+00
1.035542436054760707e+00 1.019908969300354240e+00 9.674158411586724071e-01
1.006171742029381200e+00 9.937024734663925107e-01 9.716613713539917763e-01
1.012080976001460408e+00 1.052016105730950279e+00 9.776545249707988550e-01
1.007640217137313554e+00 9.842977327130637555e-01 1.044437904350099977e+00
1.010636183614691541e+00 9.310670287527231803e-01 1.024643502191570743e+00
9.938664163528977413e-01 9.960773414045496210e-01 9.396587763804127302e-01
9.309086998853337569e-01 9.676814536015233559e-01 1.000439856630557012e+00
1.051495940633992321e+00 1.029348104576314205e+00 1.029265897572096522e+00
9.770478281926169295e-01 8.879681120408826622e-01 1.029096521927249208e+00
9.567125473469386687e-01 9.736902622357878068e-01 1.012605328543459304e+00
9.942281895187350393e-01 9.416807744200719199e-01 9.659403854816422941e-01
1.075191646740272011e+00 1.047890537735854721e+00 1.059807347327834215e+00
9.604392915151607202e-01 9.643970461655463344e-01 1.098699438966993736e+00
1.003433614402916119e+00 9.721428287411421065e-01 9.903811446723117529e-01
9.893254421436373791e-01 9.948983354601780293e-01 1.140240270335787676e+00
9.750239064707102443e-01 1.027585141842435323e+00 1.028581328591814614e+00
1.059747282514928113e+00 9.672018018481535195e-01 1.009152959915676995e+00
1.067801769473265106e+00 9.947184742810273317e-01 1.004192532609250899e+00
9.621011750582058042e-01 9.939043626133297060e-01 9.640753766852967477e-01
1.035146634244955344e+00 1.027114780528260551e+00 9.892589550909788310e-01
9.686071142763895692e-01 1.048565349406324287e+00 9.463727023971677532e-01
9.304853831963005861e-01 9.897203147179131077e-01 9.699910559327402648e-01
9.617981846256021816e-01 9.790977659904216424e-01 9.638951928398749036e-01
9.990506038202272565e-01 9.664347699976545414e-01 1.038415547014351459e+00
1.007115291133448665e+00 1.005278249936951473e+00 1.006974432190704372e+00
1.020244045926979926e+00 1.012057177620978132e+00 9.533249871432487588e-01
1.033738215242139269e+00 1.007635310687985841e+00 1.099009601973015338e+00
1.006397580136789704e+00 1.032334660561348372e+00 9.587500512275177744e-01
9.889812444401075986e-01 1.037491348366610389e+00 9.849397467698804975e-01
9.406622112247211565e-01 9.076112445105497528e-01 9.749602888260716638e-01
9.918041349825496011e-01 9.617340145850923339e-01 9.813290987285898659e-01
1.020544833539484220e+00 9.291506894038948916e-01 9.599295652973960369e-01
9.724249709440302425e-01 1.056009975708225079e+00 9.504561417687095171e-01
1.077454585787852359e+00 9.523059913696856338e-01 1.006014733218597357e+00
1.068374883081780968e+00 9.533989027844567143e-01 9.011532749782129592e-01
1.081825397293427304e+00 9.844614788832465324e-01 1.002143378769434268e+00
9.894227723920814288e-01 9.986102568477430719e-01 1.027617841753295513e+00
1.024260820463419819e+00 9.973810895000141397e-01 9.905902805338905326e-01
8.971915318678980178e-01 1.048145849900960158e+00 1.093640485263128070e+00
9.787681639381929921e-01 1.022074276801856696e+00 9.584170110865194436e-01
1.160036079404283438e+00 1.047381233409250045e+00 9.666896437391652164e-01
1.125710981049052872e+00 1.050587494993983961e+00 9.866544092670725963e-01
9.408899620954624954e-01 1.045344920312605508e+00 9.741189091821035317e-01
9.374676771896619520e-01 1.018237702648935539e+00 9.652545831932980436e-01
9.749376278752337477e-01 9.576177702630430666e-01 9.397968259307620809e-01
9.662652792340228336e-01 1.007997249609227541e+00 9.383706851486595113e-01
9.823453701450506337e-01 9.751713995367639054e-01 1.015017881496934837e+00
8.843503050677660182e-01 9.860967323752902747e-01 1.016679933870319630e+00
1.044316000026101587e+00 9.640196179947463362e-01 9.771638268725141296e-01
9.975784298683624263e-01 1.052831468488695466e+00 1.056304160532348213e+00
1.014151330223876935e+00 9.730434572267673277e-01 9.735033345612374989e-01
1.021658837216477211e+00 9.475556003388193593e-01 1.038579055152578645e+00
9.225065289334977159e-01 9.014649838197243970e-01 1.036817580075384271e+00
1.010063455128852317e+00 1.069376108972472705e+00 1.009370506908026321e+00
1.027138845081787100e+00 1.031118796938663484e+00 1.021093262282869230e+00
1.038254501839269039e+00 1.069916053697459235e+00 1.014635209024537188e+00
1.055834437224998368e+00 9.645506096505290783e-01 1.006620909802908415e+00
1.007234166525333929e+00 9.855150410353258339e-01 1.036887812100886652e+00
1.008737101802895442e+00 1.082500011283365371e+00 1.015114330702569845e+00
1.027006908637614790e+00 9.493212542115955221e-01 9.814703535474111895e-01
1.012297330591889644e+00 1.057954427107813622e+00 9.764792772421152511e-01
1.022908617043300605e+00 1.039613908718610702e+00 9.800907067732724798e-01
1.007348395492687843e+00 9.764968417343504736e-01 1.000878450948781584e+00
1.018388022491801825e+00 1.043801199510843825e+00 1.007682967635123550e+00
1.119680974824284192e+00 1.074893146589750215e+00 1.033177739376788917e+00
1.035962094794425026e+00 9.282341470838548769e-01 9.339775927140666623e-01
9.924962864517787864e-01 1.068551716849164501e+00 9.929329050756416919e-01
9.697160602845306121e-01 9.296387641143487590e-01 1.031109941630269144e+00
9.916754483991279123e-01 1.005542525161627232e+00 1.048688311447744326e+00
1.050358424355064768e+00 9.312552940280357516e-01 9.890331928576970855e-01
9.726373219254718094e-01 1.036406595917541473e+00 1.008851708606040676e+00
1.058515037003078474e+00 1.013537200976019736e+00 1.020017285374845484e+00
9.560636963613791117e-01 9.638715616141927400e-01 1.006394926781969623e+00
9.947177778726559172e-01 1.005801555922363866e+00 1.065424883865833339e+00
1.030685429360463701e+00 9.855534630356201919e-01 1.133690372385506739e+00
1.037281532646572302e+00 9.513103324623335411e-01 9.220969330692889709e-01
1.024357010214008934e+00 9.632261143843371398e-01 8.964326095365958702e-01
9.853672101567173547e-01 1.016514572332446908e+00 1.088209573062977720e+00
9.422063894786656402e-01 9.835770132569254809e-01 9.488218388790418123e-01
9.673249313933008908e-01 9.917025300947692745e-01 9.600519058565549768e-01
1.066988344900698937e+00 1.045510242949245105e+00 1.018143193402772040e+00
1.047299496755756287e+00 9.580391167650063045e-01 9.054312635620764826e-01
9.336552530778630121e-01 1.002675455351503375e+00 9.348247241499880733e-01
9.431474620673540032e-01 9.857332081360028475e-01 1.037744428034616639e+00
9.933497774777665379e-01 1.025425875824967470e+00 1.043323883190810264e+00
9.913839052865618395e-01 9.722588133926174381e-01 9.893919536316219121e-01
1.021664948490105251e+00 8.928731473761633008e-01 9.555530271031049683e-01
8.909859277681426715e-01 9.654288106651336410e-01 9.822364442647758542e-01
9.234791659538927888e-01 1.050668233828281783e+00 1.017548078050088733e+00
1.072550136852015390e+00 1.036533695040567027e+00 1.008217091549928446e+00
1.048492423670119189e+00 9.150177346731808159e-01 1.026728322694903994e+00
9.925554979388153676e-01 1.011564107933794254e+00 9.810853324669813746e-01
1.033593076134311950e+00 9.485141423399571226e-01 9.734809975338849508e-01
1.020088877941633498e+00 9.543419802842234567e-01 1.057565727128245037e+00
9.778314222131021527e-01 1.105571416932674023e+00 1.019925845945615306e+00
9.970666497764680836e-01 9.901491178779971980e-01 1.013068402840096915e+00
9.694444440137578445e-01 1.084890946915291199e+00 1.064838440053683444e+00
9.927562812976498119e-01 1.045780701363371090e+00 1.069224244999061435e+00
1.047457148929306969e+00 1.017018559103557651e+00 1.044277485189576415e+00
9.888667742100244462e-01 9.715943825752234586e-01 9.582485038218423457e-01
1.047275850851632439e+00 1.024011319481699989e+00 9.935793712383045317e-01
1.057076972917268431e+00 9.497681513267971498e-01 1.078022534714067060e+00
9.871791442554841423e-01 1.082333504965004245e+00 1.002745811426497324e+00
1.067596877495837315e+00 1.063906586665985143e+00 9.808597365661948508e-01
9.955980956645235080e-01 1.011015275159914184e+00 8.923133046909108579e-01
9.305438496322001596e-01 9.500621558785921072e-01 1.018483376611473590e+00
9.817339916202790784e-01 1.017952327914177557e+00 1.056425863319174763e+00
9.449301865724749616e-01 9.962992606438203502e-01 1.064203436823443871e+00
9.914436033979193708e-01 9.076678207797834741e-01 1.043172020834501890e+00
9.796057129224456927e-01 1.004418653080874524e+00 9.834880037445126177e-01
1.057406163093606910e+00 1.066559569259470708e+00 9.374366914674102658e-01
1.020388981872589973e+00 9.554405051427932172e-01 9.674568143674879828e-01
1.040257594585866308e+00 8.579695679880254833e-01 1.072888911779542820e+00
9.959206878828401610e-01 1.020101451049741259e+00 1.037389964119186381e+00
9.933852413953442317e-01 9.675950272799579421e-01 1.089365951551202416e+00
1.015450233036728100e+00 9.997476091140380383e-01 9.774672564867408209e-01
9.956366477534879245e-01 9.866852261534425628e-01 9.401402552690484304e-01
1.027137398163156412e+00 1.071049075456886657e+00 1.074135185788805291e+00
9.931992217602184647e-01 8.818273829242537776e-01 1.018251788467946506e+00
9.968771036850273548e-01 9.893137625555432635e-01 1.041050537178416890e+00
9.436405290827503123e-01 8.639406672868263914e-01 9.247116147133264130e-01
1.031743719453845687e+00 9.689250070905804924e-01 9.184090896807756144e-01
9.843342876555544185e-01 1.016437609029191780e+00 1.017153703509841911e+00
9.776801026397569094e-01 1.054140492956519459e+00 1.048086978992561535e+00
1.021719804023182521e+00 9.513076579824842893e-01 1.061105436779858024e+00
9.960065274434244387e-01 9.051711896880644259e-01 9.914529723924726534e-01
9.905536557062512015e-01 9.909630956806873003e-01 1.015717485631230987e+00
9.583306552437828030e-01 9.744657973516155369e-01 9.913328774721067438e-01
1.001488600894684389e+00 1.004880307979318044e+00 9.557491905909861751e-01
9.339609584286069355e-01 9.834212540203480790e-01 1.051040667881880886e+00
9.829081203976054448e-01 9.669419147180602359e-01 1.043947654757718890e+00
8.957604162233262501e-01 9.898619683902623034e-01 9.637063024704026759e-01
1.080894910443438217e+00 1.006396517365953924e+00 1.016658721456528136e+00
9.935685535423723902e-01 1.030688934202719231e+00 1.015794557241292084e+00
9.732362276568805592e-01 1.058815841241708577e+00 9.147867263321420861e-01
1.066414049659373697e+00 9.764713252267593901e-01 1.023856604796211434e+00
1.047501162611267578e+00 1.017037088605550199e+00 9.688746845268260133e-01
9.786531069983609443e-01 9.619080165347648759e-01 9.918272440865600892e-01
8.937054914292830166e-01 1.031808401033703193e+00 9.941804268438761971e-01
9.699812557700001614e-01 1.000942281100194897e+00 1.068477173146160419e+00
1.185554026316185228e+00 9.985555501277879609e-01 9.793006159343049521e-01
9.143355818884851827e-01 1.068637281159510843e+00 9.837708738081434312e-01
9.705838372003300352e-01 1.068631752561874260e+00 9.350793601184248516e-01
1.028137329028032676e+00 1.062900983448345382e+00 1.024672659596716828e+00
1.032661369051147471e+00 9.938482166277958774e-01 9.916924420629773529e-01
9.990734732032580112e-01 1.080942402766522870e+00 1.013212783751246349e+00
1.109993849976637081e+00 1.035398992658830952e+00 1.034070119887001926e+00
1.006685250046631896e+00 9.684993492461403397e-01 8.907643640767864968e-01
1.067645497479761119e+00 9.882977363481700861e-01 1.070947649578013916e+00
1.055054304516739760e+00 1.043961478124431075e+00 9.730502894049170015e-01
1.064773357369221740e+00 9.420861965932680882e-01 9.505180468543262817e-01
9.828810123914301089e-01 1.008390321410746138e+00 9.696686002901342416e-01
9.815848219481821957e-01 1.069398493662425897e+00 1.037846832705790812e+00
9.441342048509129281e-01 9.743423323890773036e-01 1.033516923291372791e+00
9.487812487949112139e-01 1.061127598708158759e+00 1.061691874870162255e+00
1.003579651995116562e+00 1.008457942691373788e+00 1.056933371084979312e+00
1.012699799645213172e+00 9.845396279828905195e-01 1.044569946088927725e+00
9.908774603479137966e-01 9.425164509027261772e-01 1.077376649521229357e+00
9.610899433268281777e-01 9.774809181970713912e-01 1.071965227726473957e+00
9.637640710272564748e-01 1.061359711654702442e+00 1.021136629045587219e+00
1.031403596715368298e+00 1.016297424919909487e+00 1.008929525642059177e+00
9.550457711752705636e-01 9.664029065157386800e-01 1.015119070092384668e+00
1.041315207882311578e+00 1.083163164414149726e+00 1.041239977246416482e+00
9.476926369473367417e-01 1.076782427428103928e+00 9.147311635064375723e-01
9.912055212133888960e-01 8.948431817275506184e-01 1.009425969587589345e+00
1.023226210062213148e+00 1.010840200541895273e+00 9.310613099684676985e-01
9.802444975588084919e-01 9.680016329709887346e-01 9.779427881654121357e-01
1.035851440586986305e+00 1.012781912690595032e+00 9.783082108391409903e-01
1.099275176290515743e+00 9.896413576736468043e-01 9.495501076965823239e-01
1.015802846304751927e+00 9.788447939138249509e-01 9.682377589664994399e-01
9.921032116798313982e-01 9.209876285358865600e-01 1.122642848255026804e+00
9.755810475189684583e-01 9.204840780459399019e-01 1.037626430433954416e+00
9.265758448215072329e-01 9.832018251355051364e-01 1.027746490553473002e+00
8.837952628280204559e-01 1.042150996587087874e+00 9.980963165919843894e-01
1.028024440911871507e+00 1.037555578826498959e+00 1.013950064445141130e+00
9.035410486418719023e-01 9.610392462870861463e-01 1.121687629726151103e+00
1.035926791801658808e+00 9.974016519646707879e-01 9.932190365937810794e-01
9.562134259326877661e-01 9.870668460368547947e-01 9.338016359205928429e-01
9.539899295226538234e-01 9.522249768978854334e-01 1.009615328304248605e+00
9.766858123405648406e-01 9.812213707941039864e-01 9.538893045699247120e-01
9.809323691760524211e-01 9.679275642011041514e-01 1.031562104600667107e+00
1.015746434048168778e+00 9.303063185355164855e-01 9.785025761046454162e-01
1.021704072489722837e+00 1.014962049007264167e+00 9.429245125438403541e-01
1.124349437804971874e+00 9.472422284658336133e-01 1.020185977925977872e+00
1.035557201245716374e+00 9.753097560041279479e-01 1.028121359059913864e+00
9.471621176517204255e-01 9.786814224414494001e-01 1.045457262564176704e+00
1.058036502921670952e+00 1.029292589403753233e+00 9.399536864554811633e-01
9.961321771179020290e-01 1.019143708747184407e+00 9.215727440233771883e-01
1.045767957480301158e+00 1.056593113442266363e+00 1.014132208852082107e+00
9.570081720816187021e-01 9.549953939239735901e-01 1.011159147719661311e+00
1.040553687090561397e+00 9.455845582751764011e-01 1.067203177957231741e+00
1.020732475321398214e+00 1.097954890890922464e+00 1.067132752673352281e+00
9.564225380349606898e-01 9.391131179130518536e-01 9.516091294922939259e-01
1.018899198198379930e+00 1.101865885918380084e+00 9.566927605826606174e-01
9.965078657842851850e-01 1.073295571961801143e+00 9.114721539552856910e-01
1.027582012092193686e+00 1.017160462482110894e+00 9.562419921585963989e-01
9.929827974935869772e-01 9.242058617703043932e-01 1.016772592264724606e+00
1.057541560947435233e+00 9.288388866975911817e-01 9.200775545190221782e-01
9.799697977907650959e-01 9.975155396516860451e-01 1.043245143634504490e+00
9.814694915507937711e-01 9.689506964703602510e-01 1.070517670480586103e+00
9.973993406121236527e-01 1.047044766756498602e+00 1.018144139602749298e+00
1.125544125823398689e+00 8.940437351947790878e-01 9.163741932406744839e-01
9.131426555720425497e-01 9.830929443445939331e-01 1.123181075219264802e+00
9.808181870284606862e-01 1.062674927031642014e+00 1.060669101539446491e+00
1.100870852633895947e+00 1.030916412069213584e+00 9.551389757217638721e-01
1.112943902297710563e+00 1.000571161483031046e+00 1.002200154432970169e+00
1.017272630466377059e+00 9.524718115278330011e-01 9.679728921529007213e-01
9.947531744013842214e-01 9.792524359236477460e-01 1.044706963725983595e+00
9.960157385469008418e-01 9.534368928793088838e-01 9.312008684338888287e-01
1.009991415188363550e+00 1.013234092480265636e+00 9.737656247355274131e-01
9.722851592022370149e-01 9.780285197289657617e-01 9.758273925356061307e-01
9.595073279656851639e-01 1.032837378021596475e+00 1.028594907903767508e+00
1.018293510457558337e+00 9.395140873731652187e-01 1.112341173902193336e+00
1.035177890371964615e+00 1.067090151501941753e+00 9.735981847306940384e-01
9.765662189280350791e-01 9.989447257074638431e-01 1.039863172602162544e+00
1.064684182157097814e+00 1.031784803433216657e+00 1.038205846054017112e+00
1.025693718272109756e+00 9.221980842845115545e-01 9.942884314798939860e-01
9.759737282231043531e-01 9.643113978499797678e-01 1.063460489746491433e+00
1.015332325247407574e+00 9.294676932562095928e-01 9.379655268649615962e-01
1.019896600545747489e+00 1.038687494788997245e+00 9.260876378463888114e-01
1.010439007243558507e+00 1.018090889146803235e+00 9.239125246429805705e-01
9.761187671544860889e-01 9.536231328708475452e-01 1.049871499135208497e+00
1.016027917105807976e+00 9.938215621835758684e-01 9.774466030107863412e-01
1.046477877747406415e+00 1.038581819092025071e+00 9.624660066587735763e-01
9.994060903576402755e-01 9.697457569754858175e-01 9.477953761777544450e-01
9.548025485030862125e-01 9.878080266443095558e-01 9.763900241870473451e-01
1.017666011168068430e+00 1.013697555375945303e+00 9.791250602638335021e-01
9.005595716693994834e-01 9.512856212881150020e-01 1.020928577655747738e+00
9.636254272974347224e-01 1.014439254621150921e+00 1.037014571921581751e+00
9.776434144546339855e-01 1.020074376059372234e+00 9.868243857614321657e-01
1.039650308102063603e+00 9.667896848892343353e-01 1.063703119532403596e+00
9.611617614038854285e-01 1.010699712880187118e+00 1.024442060480695416e+00
1.129918302849342027e+00 1.013750597170347101e+00 9.798415368707925621e-01
9.667765975198687745e-01 1.053951180596993442e+00 9.250685034909083004e-01
1.049660295080647732e+00 9.645239786815739125e-01 1.054370239389457620e+00
9.655152861032330058e-01 9.660117606996490025e-01 9.930684618143001963e-01
9.885826919296870630e-01 8.748729451727144113e-01 1.045690057075338686e+00
1.008758567149699692e+00 1.054572546868527638e+00 1.010084750652558760e+00
1.037035600113613620e+00 1.009430145907938448e+00 1.049723312541278375e+00
9.477898130960045187e-01 1.000486012654861145e+00 1.047436310894665823e+00
1.053013818126728562e+00 9.998224222341696166e-01 1.029663678589364695e+00
9.712467845929970700e-01 1.020050113662529956e+00 9.407648784224372784e-01
1.001824433055746422e+00 1.011170864882696918e+00 9.180973358885049507e-01
1.020358204662396462e+00 1.032878113045111901e+00 9.299992555434777319e-01
9.779493046779956789e-01 1.060385215390417857e+00 9.803603181153168755e-01
1.013906779242798706e+00 1.037865352063932267e+00 9.336746262787132267e-01
1.017406612576745362e+00 9.977945263621185168e-01 8.802691972174797597e-01
9.923368121828689548e-01 1.006183270608623115e+00 1.066773879339145470e+00
9.801382703929539808e-01 9.457153487130872671e-01 1.089228014811572720e+00
9.924371481702634057e-01 1.035699011273032433e+00 9.761251486787275722e-01
9.481456888816361950e-01 9.747620561349180646e-01 8.864956758475428522e-01
9.961805149895750500e-01 9.356230186569317597e-01 1.002548830202028451e+00
9.691779582328731157e-01 1.102891940270290139e+00 1.001325170148092525e+00
9.646965490845880176e-01 1.029120966935812120e+00 1.011032973918176481e+00
9.970384954943281031e-01 9.653127131089026536e-01 9.320313289661493750e-01
9.345465321597875574e-01 8.653874680275777109e-01 1.053578269824813951e+00
9.940785355396065670e-01 1.031679083100064620e+00 9.963853486892287892e-01
9.520415379304432157e-01 9.944662417223942841e-01 9.640611708143770331e-01
9.896765405802648852e-01 1.103802814893873885e+00 1.103357818601049534e+00
9.924516539048982011e-01 9.877547044961499934e-01 9.956729239502651874e-01
9.938957053098710359e-01 9.167934059560021165e-01 1.048522758467899108e+00
1.016172108353225800e+00 9.826580799050591564e-01 1.047203815547814276e+00
1.001506991864881568e+00 1.044978203272327599e+00 1.067175638809057414e+00
9.738880629964039581e-01 9.324616628683026764e-01 9.877405939987753403e-01
9.712049649000628060e-01 9.548562394097631634e-01 9.637420363217015229e-01
9.482525618485135865e-01 9.692179144366466215e-01 1.035099788025425349e+00
8.796527840646188867e-01 9.317400004092326604e-01 1.031888280264862345e+00
9.853726450106362611e-01 1.039590739751279358e+00 9.452183965484883821e-01
1.013412881383612518e+00 9.646203332244689399e-01 1.044421205922094975e+00
1.010171987445396713e+00 1.063051309249388732e+00 1.017626750119364099e+00
9.998358071429477301e-01 1.086889568918147031e+00 9.651409357114045795e-01
9.660643758757819777e-01 9.996509651468624691e-01 9.527154447532856230e-01
1.025569377987442410e+00 9.815972951554162718e-01 9.369288925578600491e-01
1.014377150724549592e+00 1.059305880437678482e+00 1.040950053693991517e+00
1.077561688117653960e+00 1.036720289365767655e+00 9.506941327687261634e-01
9.642776712249271354e-01 9.357901215300318265e-01 1.041297304343648866e+00
1.030828371958673273e+00 1.108279105229748485e+00 1.013265311912981081e+00
1.009998827425960144e+00 1.005665054509748524e+00 9.652771280865454218e-01
8.955116437756989178e-01 9.691565718249766093e-01 1.036920258883149648e+00
1.027534311214057139e+00 9.407673909224552045e-01 1.033172941926609356e+00
9.886615520993323747e-01 9.916330732467015796e-01 1.056291153670311234e+00
9.760925348630921095e-01 9.638297944448327437e-01 9.690318382071954062e-01
1.028613108688658961e+00 1.043749401902064111e+00 9.777935173238085920e-01
1.017592704583163199e+00 9.591189111010580692e-01 9.897720875348605674e-01
1.038436792278673693e+00 1.000487707673242799e+00 9.179262929000819859e-01
1.014455576145294691e+00 1.000442997420672997e+00 9.712684025205999827e-01
9.443990907852225503e-01 1.049965646043062639e+00 9.469996312907194014e-01
9.915652554401425123e-01 9.191952178524837036e-01 9.815441053983967601e-01
9.320310612603316391e-01 9.862750491605960512e-01 9.424825507815363101e-01
1.154776709884265173e+00 1.035244534133619831e+00 1.025583980916899840e+00
1.005237876915096917e+00 9.527082527286421243e-01 1.022970546424119442e+00
9.966924138208824724e-01 1.050405055340416505e+00 1.030189229470562573e+00
1.023473758506389109e+00 9.823112585110957973e-01 1.018624035082805968e+00
1.023921145502460828e+00 9.477872628999641780e-01 1.051334857097179443e+00
9.503375801585878246e-01 1.114437816103628798e+00 1.039943015760324219e+00
1.073234638015918119e+00 9.614672999607314363e-01 1.048243176164511903e+00
1.043078075092340073e+00 1.100796538001458380e+00 9.762164562695051506e-01
9.877487309604257026e-01 1.013428743940971932e+00 9.642683739152519973e-01
1.062463428359236239e+00 9.817447146775157840e-01 1.061014950062008522e+00
1.016992676874278745e+00 1.022735241387818572e+00 1.026388103944549046e+00
1.061465697177359724e+00 9.575752539391384488e-01 1.027997486880904088e+00
9.224467751837294172e-01 1.021951094719517616e+00 1.075488629372562066e+00
1.062108221751098647e+00 9.318250949218229717e-01 9.985144442971964907e-01
9.701020420382391318e-01 1.014684493794917985e+00 9.863351154329437209e-01
9.417025512728556258e-01 1.009734623830739420e+00 9.797248445535046146e-01
9.635779621734523737e-01 9.713849662367636251e-01 9.441671618589135839e-01
1.026559594030516553e+00 9.514789190887223969e-01 9.753959367090196952e-01
1.116745016801649948e+00 9.957432753126288505e-01 1.064197527337151561e+00
1.019807410485266130e+00 9.899919238792969090e-01 1.043650076964400597e+00
