9.180410328087422744e-01 1.050706151407614364e+00 1.034332675063893259e+00
8.553071324700989297e-01 1.186121508960955806e+00 1.047154110517739323e+00
1.077414765329856250e+00 1.028493723867791587e+00 9.932393142044781964e-01
9.769148844973926105e-01 9.730451265128168270e-01 1.076893056968670104e+00
9.826983099248307596e-01 9.084642147539263579e-01 1.118971935778566795e+00
1.001303069189659611e+00 9.141932999809809779e-01 1.194812320059781108e+00
9.009803466612806844e-01 9.936207483762456993e-01 1.005311907924957726e+00
1.018836816659691946e+00 9.604537199496047117e-01 9.995950742040573545e-01
9.779344224606307812e-01 8.987929677167535436e-01 1.038977179280726082e+00
1.078122427022725427e+00 9.504322390151542788e-01 1.141351879561904648e+00
9.500839053734598805e-01 9.218705580537182032e-01 1.109342785441449930e+00
8.805629516158982595e-01 9.189220254846366398e-01 9.882750173431219531e-01
8.593970672074718875e-01 8.756971993470384907e-01 8.827691630797931399e-01
1.014727780928711187e+00 8.182204245974895596e-01 1.039566959144700542e+00
7.754510517864563468e-01 9.673536421700865695e-01 8.498211631782707220e-01
9.563999936710619876e-01 9.281648334508708631e-01 9.691275613356992169e-01
1.096409538688172480e+00 1.124463975276326355e+00 8.678789061402429894e-01
1.013346643332060815e+00 1.105554695536273613e+00 9.215741144631551807e-01
1.104245297353487310e+00 8.807714371308080770e-01 1.000322330598536702e+00
1.230795522933404662e+00 9.619280961564316001e-01 1.104223452439190067e+00
1.182858840536800571e+00 1.170545462919101443e+00 8.482109442692925549e-01
9.918483502855891532e-01 8.856587933065949159e-01 9.189730988715982818e-01
1.050103581651039342e+00 9.946180113076018570e-01 9.115009041216521890e-01
9.779637138766437143e-01 1.069033653191350686e+00 1.037888408627950731e+00
9.811105774906024868e-01 1.007982577112439992e+00 1.154957247732153025e+00
7.699752751852602106e-01 1.109063969336605782e+00 9.897306247341246532e-01
1.009310475957045261e+00 1.007054054554734623e+00 1.020548824390695053e+00
1.020496627561034764e+00 1.070518612966044225e+00 9.412489884772989868e-01
1.057465999072289664e+00 9.691580094450011895e-01 1.119086550994725870e+00
9.691421858326348948e-01 8.918484029696018833e-01 1.076533134442520634e+00
8.434467078751038960e-01 9.994319164517648790e-01 1.192345123452839717e+00
9.373320315001729686e-01 9.517465848676440743e-01 9.469360622597033927e-01
1.214243260097610078e+00 1.001297634629310096e+00 8.899015406137703588e-01
1.047908803500880781e+00 9.561068903499659877e-01 1.031473424632663116e+00
1.108170280514297668e+00 1.019562921732643845e+00 8.959749289858238708e-01
9.885831115433643124e-01 9.165805922225298552e-01 9.601668164191703436e-01
9.987378199600209783e-01 1.184022247966557861e+00 1.019761248102231344e+00
8.977070806470299758e-01 1.104129167184567661e+00 1.169034979667494589e+00
1.084164273721295535e+00 1.017454605728698391e+00 9.467992067355479602e-01
9.285341018502035748e-01 1.042044400339902310e+00 1.009286796239072581e+00
1.028323682109503423e+00 9.633216820914769496e-01 1.188232094434086061e+00
9.175763631824161992e-01 1.089808070232975767e+00 1.050764514678455441e+00
1.029456077080138199e+00 1.091829201484364020e+00 1.021632005880670713e+00
1.183712392502425992e+00 1.151783398396202251e+00 1.156560774623260457e+00
1.057108275176152912e+00 1.137522122164559946e+00 1.137773637096331392e+00
9.282250285096462772e-01 1.098005748180971741e+00 8.706373268305447333e-01
1.074845625978587682e+00 9.300234361552535134e-01 9.503100503330870197e-01
9.221582508509826859e-01 1.173329682356656800e+00 1.025198461191254573e+00
9.123108947895894882e-01 9.382810633202388617e-01 9.701241848019245273e-01
9.269408283320044184e-01 8.563953117227212086e-01 1.045039238607249343e+00
1.084962329741281595e+00 1.106609552405991348e+00 1.049005719522521751e+00
9.414089310064762683e-01 9.620506483676636300e-01 1.106685121825573770e+00
9.636164792308828941e-01 8.439123959135526043e-01 1.123957895136855178e+00
8.641767318257387309e-01 8.781118289606435479e-01 9.491872192310812917e-01
1.012694586972669786e+00 9.711394175655931882e-01 1.069671684311078508e+00
1.013115381807134563e+00 9.816353571697788993e-01 9.539130538912478086e-01
1.093804445840951711e+00 9.823524915605928998e-01 1.002961031507896728e+00
1.092623353922099527e+00 9.608706799168323931e-01 8.592424722018308092e-01
1.001245057750644429e+00 9.059758462770712839e-01 1.140894805440577642e+00
9.411590044345323758e-01 9.472412192900843131e-01 9.046542376127197915e-01
1.050126795213269348e+00 1.027429808663570032e+00 1.002497635893764505e+00
1.088106982937676381e+00 8.884524815635773676e-01 1.010250655082473470e+00
8.826032561030190404e-01 1.002886025642977241e+00 1.019279261018813054e+00
9.870290416170960368e-01 1.147210953192512539e+00 9.906571596476034802e-01
8.293023718824720225e-01 1.116611691761981939e+00 9.142843652412271371e-01
1.093646574777190628e+00 1.129033022306158207e+00 9.565368091651222926e-01
8.201907581006577797e-01 1.010056506527329701e+00 1.118088260492222208e+00
1.005344014563013477e+00 1.048421122820035745e+00 1.048117424060663661e+00
1.219606754852271324e+00 9.712342762148030717e-01 9.537201848325252973e-01
9.821128311378903852e-01 9.020355877811270240e-01 1.017295144163401943e+00
1.100603260912897507e+00 9.334147078858208157e-01 1.048641247542021260e+00
1.146976061859960039e+00 1.077232463882501712e+00 1.031326477585218004e+00
1.051141384049797178e+00 9.831284613106959780e-01 1.068936023919132783e+00
9.269874530554660375e-01 1.054868177761610237e+00 1.107247277592589674e+00
7.724825952416000119e-01 9.710651928045098691e-01 1.038929454884186310e+00
1.079740691075377290e+00 1.078020357411212826e+00 9.676390145925375386e-01
8.556415148216103272e-01 1.065707687906731094e+00 1.018309142439626891e+00
1.139700612784332545e+00 1.098752972002545070e+00 1.196267911271265971e+00
9.253094846739435830e-01 8.027512821282150046e-01 1.101951138139523723e+00
1.047992452956428622e+00 1.068648275929057867e+00 8.793793617879273050e-01
1.102786944206731512e+00 1.069762955266265303e+00 1.233528459221257201e+00
9.023540802897711544e-01 1.222451792419802619e+00 9.609341334866177142e-01
1.032425219503730229e+00 1.049190205491583372e+00 9.853714193674416588e-01
9.589851517570946449e-01 9.351963701448005040e-01 1.060608170355374913e+00
9.087380537165505867e-01 9.573307401293613683e-01 1.138220624445344331e+00
8.688318585773038283e-01 1.067674378373765887e+00 9.710128515390656911e-01
1.026989379901545707e+00 1.018885395904242763e+00 9.245145253926453366e-01
9.339133285836720422e-01 1.112591713226601664e+00 8.481675700756331482e-01
8.910715267336318801e-01 1.279817990159958230e+00 9.499363555660808034e-01
9.854965183262061057e-01 1.178712472905135700e+00 9.906526013004414155e-01
8.086559125798495895e-01 9.709742684530823231e-01 1.042530594990292991e+00
9.829724813799937122e-01 1.023449984299872551e+00 1.118649647135185221e+00
8.945833211160723053e-01 1.020948058254357305e+00 8.795164108785471502e-01
8.405469160864077471e-01 1.045184574896924401e+00 1.117810373718584938e+00
8.890846944939261309e-01 9.336978454382223180e-01 1.059983349907654970e+00
1.085005755151959406e+00 1.143133912222249027e+00 9.722023926724873144e-01
1.199658781982899214e+00 1.098898390858326524e+00 9.598230156316394091e-01
9.470269786291805048e-01 8.722898976982111918e-01 1.098648205495900365e+00
1.004361291324467942e+00 1.129623802343508121e+00 1.034173599633797069e+00
8.801815742137937271e-01 1.069302226009199552e+00 9.735971301907295761e-01
8.622434937085301510e-01 9.252387883688876213e-01 1.086118429277609820e+00
1.135988133472556783e+00 9.284294807022197560e-01 1.061992918122475871e+00
7.730135055710760650e-01 8.888043239107159543e-01 1.037805105137461270e+00
1.019869600149127198e+00 8.721948602064415468e-01 1.117523241334787309e+00
1.263630728234243605e+00 1.096489364206982176e+00 9.356752943073232132e-01
9.224306779454639615e-01 1.054796611220749636e+00 8.815125969681584239e-01
9.993470436050039263e-01 1.004395191713830515e+00 9.706626504319399995e-01
9.656027655909840135e-01 8.824739152406027021e-01 9.739534436456341870e-01
9.884631996082526850e-01 1.048262063462786831e+00 8.073161003684420356e-01
8.875453887987678758e-01 1.025320809727358951e+00 1.066662554248780426e+00
9.660513328321731485e-01 1.056488143818188563e+00 1.055663292619190674e+00
1.088522969892107728e+00 9.601006921998116450e-01 1.087015817221860248e+00
1.032173825349766538e+00 1.018370793325871215e+00 1.030681955810951456e+00
1.032963563343434421e+00 9.892743129878817099e-01 9.847766877126172824e-01
1.012957392817882551e+00 8.999118534332664066e-01 1.032219011921563290e+00
1.065198623488428309e+00 1.043339124134771589e+00 8.939341327166673290e-01
9.166179937966972835e-01 1.066000189702653644e+00 9.810511398721649678e-01
1.091020146258336432e+00 9.932718756451399678e-01 1.117795348378967990e+00
1.082789013743034490e+00 9.326491242577612528e-01 1.020214582330896569e+00
9.057497798709621684e-01 9.159259044938200534e-01 9.093166834767271167e-01
8.455662204649097013e-01 9.172342364798024006e-01 9.254580201604922784e-01
1.007923537824993110e+00 1.037336282150540301e+00 1.001368202238531735e+00
8.993996911732523580e-01 7.300995016016740280e-01 9.699528564706293432e-01
1.046332364408820936e+00 1.020455644353412517e+00 9.818358981771266869e-01
9.753293107397675854e-01 9.308681679984562862e-01 8.323708104256536400e-01
1.107508610198202348e+00 9.686452696253226025e-01 1.180514650886352879e+00
9.652346899140913372e-01 9.573562935645013594e-01 1.067877508766464478e+00
9.665761230527769587e-01 1.046708238400450908e+00 9.885194576560938362e-01
8.510093950021991871e-01 9.269864588095750868e-01 1.167473819357217391e+00
9.829999667363793492e-01 1.031009894235410895e+00 8.409912562105466005e-01
9.136184158169364800e-01 8.910146658131702369e-01 8.988217890375118646e-01
1.037421399729580695e+00 9.728750791284284105e-01 8.886319049456554708e-01
9.581169117776326960e-01 9.380727251105428488e-01 8.972495564838305349e-01
1.264600189635839422e+00 1.193649921054213525e+00 1.041712098003208853e+00
9.284417213446459760e-01 1.094765665409647148e+00 9.343361080178333999e-01
7.443441851116854302e-01 9.605075066298032205e-01 1.041393387417044458e+00
9.924821291142018609e-01 8.697745003975813072e-01 8.913948541677513271e-01
1.026952576144946949e+00 1.081135472234340922e+00 8.709469246158472178e-01
9.264492911047039758e-01 1.094530903165766844e+00 1.182143423517444170e+00
9.818062999742491748e-01 1.012362144556980814e+00 1.061876736830475787e+00
1.051785587892263063e+00 7.122116469153343399e-01 1.000038094164099167e+00
9.496892657653538405e-01 1.034149026299738594e+00 1.134421701045218445e+00
9.980290168822300023e-01 9.397092843890663127e-01 1.163037597581286775e+00
1.065728415572041898e+00 9.626855014203544725e-01 8.387592460165911312e-01
9.266550365844549164e-01 9.261756584494166278e-01 1.029851165523963497e+00
1.005295292029650955e+00 1.013790377966508283e+00 8.669745574578923142e-01
9.749483753556649201e-01 9.667081176258565112e-01 8.912243939624711064e-01
9.648719277574322462e-01 8.320226134879494806e-01 1.097935052008423007e+00
9.645110207042107975e-01 9.527895722765759023e-01 9.480844523063673979e-01
8.992319506244248473e-01 9.384640620292118429e-01 9.711817695108673210e-01
1.197882968952724170e+00 9.305496314163357319e-01 1.023326093690787530e+00
1.089346686714526502e+00 1.203183576825557433e+00 1.042384851202141416e+00
1.059823974557924764e+00 8.963587460326225553e-01 1.055416982626745215e+00
8.889553993735932469e-01 1.001771403934751836e+00 1.019896887423757281e+00
1.036555664161427082e+00 8.916582509715749172e-01 1.115981641705063199e+00
1.090612022092904532e+00 1.181762953960783680e+00 8.759791829244276684e-01
1.040842951984541243e+00 9.987602407895413981e-01 1.030641709057412259e+00
1.022978926821494827e+00 9.754717356274021922e-01 1.017270763857865745e+00
1.001299566472306113e+00 1.174218945145346638e+00 1.044469767816213590e+00
1.046431990513415622e+00 1.116793803657823103e+00 1.128628958648809855e+00
9.505987086122917873e-01 1.013992074557705569e+00 9.705869185634743435e-01
1.110983473122769238e+00 7.558805696619330661e-01 1.197704109651506865e+00
1.031474082365054334e+00 1.079093010265525399e+00 1.047362705013305195e+00
9.517798717872728576e-01 9.209292345431520088e-01 1.165869275085074985e+00
1.102328356692095168e+00 8.597722910438666544e-01 8.627929090950188229e-01
1.044228409197513363e+00 1.071974199739556433e+00 1.018792917547424182e+00
9.900768136393655050e-01 1.080114673491288979e+00 9.248220934974173968e-01
9.989856802614497377e-01 7.565302918407101895e-01 8.400439672087059995e-01
9.882389318375441878e-01 1.007526280307204702e+00 1.266541669617211596e+00
8.728234356043674813e-01 8.884207752484027942e-01 1.122709842342425990e+00
1.061708884330945679e+00 9.908282782272583855e-01 8.845649664487615915e-01
1.060294097854124429e+00 1.173050197203659106e+00 9.247628798848002152e-01
9.180648473011256971e-01 8.620272844247828248e-01 1.007743452416036467e+00
1.052170435007549809e+00 1.021615186250490082e+00 1.037841136878323800e+00
9.561291061114528533e-01 1.110799648445796706e+00 1.110634466194610592e+00
9.294002241037980783e-01 7.282328085827010078e-01 1.065859161945581057e+00
1.043219218479097377e+00 9.722492220959512155e-01 9.210121519606073726e-01
9.737338833212493272e-01 1.020317971050515915e+00 1.136318310717266522e+00
8.678937495255401036e-01 9.779061423260496655e-01 9.356283006898942212e-01
1.034773493443344128e+00 8.731590736315570922e-01 1.076317383942834383e+00
1.022123284780220631e+00 9.258450160313868027e-01 9.430196822195706652e-01
1.074360617812265994e+00 1.110061434127383118e+00 1.052235708473130860e+00
1.002838896002304692e+00 9.590953157886634717e-01 1.041685639638368910e+00
1.076009967986594651e+00 9.899787964280941654e-01 1.145763391735124426e+00
9.672848862292193761e-01 1.048347151932403909e+00 1.063110684067680722e+00
9.522219452533289274e-01 9.295714493382076782e-01 1.008537728499522723e+00
9.635534007055983619e-01 9.766100437384038768e-01 9.665020885574339138e-01
9.626660448847105256e-01 1.063936407291583564e+00 8.410819471048848195e-01
1.093092592018720888e+00 1.121768013382571372e+00 9.478076401164496900e-01
9.064000195626563672e-01 1.180717913660536800e+00 9.457457966102043034e-01
1.053347670327819507e+00 1.016391647230854955e+00 1.159807702246462791e+00
1.091116210277247811e+00 7.381482744992502454e-01 1.107599014666885484e+00
1.050555224865711956e+00 9.609768021722545628e-01 8.705832941972398986e-01
9.323485728703172493e-01 1.069391527011327447e+00 9.304012948675440819e-01
1.104152698427210311e+00 8.741739274455974096e-01 1.057081010004891297e+00
8.613967839338310117e-01 1.035571561108189709e+00 8.586129878596784337e-01
9.505868243660215988e-01 1.038779323535305554e+00 9.129700694565048291e-01
9.435592974395141663e-01 1.089524248789086158e+00 9.673555127661074282e-01
1.083317827052993954e+00 9.471535056026637589e-01 9.561423249912923694e-01
1.147587316437129967e+00 1.062182645164574391e+00 1.058031947427895636e+00
1.035700871400137668e+00 1.127562337437966189e+00 9.149107196703827327e-01
9.421153146318115290e-01 1.007550868162129243e+00 9.378699730006520019e-01
7.138278667487174545e-01 1.137182568772665103e+00 1.049393228731650307e+00
9.897460395464424687e-01 9.161838010344861560e-01 1.083565897566630465e+00
9.699482258161307158e-01 9.309586204542226184e-01 1.172443415039836845e+00
9.375911770400068290e-01 1.026915973717436037e+00 9.953941543152875493e-01
7.963662097693312569e-01 9.697083340747900682e-01 9.486339694735037575e-01
9.280592931639815024e-01 9.935832194393787731e-01 1.091050849826942448e+00
8.386231354009205941e-01 1.094370216966017217e+00 9.220186211530334575e-01
1.102939419183881942e+00 9.892884776344698095e-01 1.035254628726735016e+00
1.154590957068128310e+00 1.154671203631164156e+00 1.006965802667209031e+00
1.201669181927024654e+00 1.049866465366655399e+00 8.928777207593640020e-01
1.140159262611490698e+00 1.011787242570536316e+00 9.429967855253577058e-01
1.068526461619227597e+00 1.007994089786994341e+00 9.336520824508320882e-01
9.329273402438845730e-01 1.021625503909766808e+00 1.033026908492219453e+00
1.071547729782163394e+00 1.072472244083211956e+00 1.055536775843659569e+00
9.386537941450874278e-01 1.135422027911902498e+00 9.691000838319375754e-01
9.834202002263036091e-01 9.854352836102122648e-01 9.515630053083049544e-01
9.435929361541424143e-01 9.256484332957986005e-01 1.224517578588012023e+00
1.002633661968335588e+00 8.941729668148830079e-01 1.021432250599614511e+00
9.899384550709615649e-01 9.306840653477317371e-01 1.035620892199462739e+00
1.030095265928848480e+00 1.027305768879761105e+00 9.165892769133515694e-01
1.133175720209267823e+00 1.199821253142880018e+00 1.046537792729179683e+00
1.094055576834146226e+00 9.525231771083909615e-01 8.934947074200125794e-01
1.117850328471920562e+00 9.919525177287187301e-01 1.214220009687506208e+00
1.161044183691079201e+00 9.873008299285938039e-01 1.120411373276561262e+00
9.966333912609018908e-01 1.094172793833606327e+00 9.984643783081116331e-01
9.111534883306529053e-01 9.947005195945146649e-01 1.183409978511882121e+00
1.066655235709568883e+00 1.017226158920551127e+00 8.870936222279335315e-01
9.231873424051403321e-01 1.098435965353835364e+00 9.560791764386654679e-01
8.509986228686402532e-01 9.837292189242311524e-01 1.149139794987751095e+00
1.198839236884327253e+00 1.096437779525920142e+00 1.137272660884967479e+00
9.492108971911892290e-01 1.090810390274394637e+00 9.878790712627835147e-01
8.522163405552116711e-01 1.101574207169992103e+00 1.077861410372910278e+00
1.013458692212128476e+00 1.112376072599354782e+00 1.186896271237052325e+00
9.753536267646852886e-01 9.259922827099200671e-01 1.032725759113171327e+00
1.048981778468663029e+00 9.040615048116905639e-01 1.015118951699212735e+00
1.133961860880269290e+00 9.819856680257654791e-01 1.103563396155553988e+00
1.024870355819092138e+00 1.036446899834636337e+00 9.488343406332447882e-01
9.867764573240537240e-01 1.013898100572115712e+00 8.931272682907449578e-01
1.013466236639013474e+00 9.503021835481937352e-01 9.188364001965371175e-01
1.073468579350669749e+00 9.320780035096329907e-01 9.839652182659179847e-01
1.021460232031479398e+00 9.841624087745374228e-01 7.694955521410209442e-01
1.143779531295050278e+00 1.181916325981014371e+00 1.097338854786614082e+00
9.683095622472219777e-01 1.144834049336683535e+00 1.006968540044951288e+00
8.228282870818147687e-01 8.683611758237221867e-01 1.042129054612239702e+00
9.817003035165454694e-01 8.738770641019677488e-01 1.016170841296740512e+00
9.489298227158791121e-01 1.089793794361141099e+00 9.296969899275434601e-01
9.907118631064715242e-01 9.899764030491067235e-01 1.094823078937233296e+00
9.814146830872944038e-01 1.099139816102758793e+00 8.769705163663195080e-01
1.056508301510066250e+00 1.140208782025736944e+00 9.467599288076492536e-01
1.003309973927078325e+00 1.076600781575836718e+00 1.138209267236557354e+00
8.760088003713579763e-01 9.967593118316587786e-01 1.212048591394742969e+00
9.215757017130923323e-01 1.072780008178817690e+00 9.304668647692719841e-01
1.318004284696965289e+00 9.196215207028256566e-01 1.002771109705680841e+00
1.133753103680886776e+00 1.037988138563648910e+00 9.347665487832699238e-01
9.736145501402350133e-01 1.051349913759530796e+00 1.069811541910749453e+00
1.167311908999345560e+00 1.135413699714190816e+00 1.122058593012371208e+00
1.136017574989160561e+00 1.028395154914060639e+00 8.063524995631535797e-01
8.957436736683362932e-01 1.190095812960472177e+00 1.188435905567582829e+00
1.048631802401075008e+00 1.128712585065311247e+00 1.169971153886345760e+00
9.638618452372943457e-01 1.019240753984769876e+00 9.377394696740599667e-01
1.083156868959096908e+00 8.442756945343827812e-01 1.234169302344724439e+00
9.475939620462938695e-01 8.631583858102719331e-01 7.971950140673517149e-01
8.832821964377647328e-01 1.192200578964525137e+00 1.054683593654109686e+00
1.027921407723540126e+00 9.901773347841444917e-01 8.222369811706695675e-01
1.045866737894991960e+00 9.521929745513183496e-01 1.038880364262003253e+00
8.894443851209048457e-01 1.042618863094031401e+00 8.576836218895589337e-01
1.100218575292534640e+00 1.125223696791234795e+00 1.064905035104775965e+00
9.725166904120302602e-01 1.146913765233712246e+00 9.771126109217932454e-01
1.008927514102295531e+00 1.038886871113274379e+00 1.117079697154875539e+00
8.697510292411454458e-01 8.961858140333205380e-01 9.911014679173274500e-01
7.114103150209638571e-01 1.195131022084955363e+00 8.731699670931263313e-01
1.070702387168069203e+00 9.265780813655039028e-01 9.109931554084512717e-01
1.166626700456675048e+00 8.045802576714038423e-01 1.003962828357023440e+00
8.434486248637369510e-01 8.432846144998474847e-01 1.079787276155920406e+00
1.093590978042581652e+00 1.010433428936921896e+00 1.118116798689994251e+00
1.034884533962127540e+00 1.125155570469150934e+00 1.129411213078680865e+00
1.070890073289429312e+00 1.156333926339069507e+00 9.298047878642871078e-01
9.859123489009802288e-01 1.047823273514786102e+00 9.592827959079339717e-01
9.219521468480950110e-01 9.952919024809842030e-01 1.063649813609872430e+00
1.022742802084781744e+00 1.076709900894785799e+00 1.092553430934407377e+00
8.305059511501038383e-01 8.593718649799455545e-01 1.211436517053810169e+00
8.965932575732014076e-01 1.118496119532874866e+00 1.009304951307754106e+00
9.926445782639388149e-01 9.170977842685046344e-01 9.278818838259292878e-01
9.850933470439376949e-01 1.103300719047028755e+00 9.801378239520229796e-01
9.264864550944581501e-01 1.228307376334046630e+00 1.160507243340843653e+00
1.110757817526310642e+00 1.112653178578921764e+00 1.099031683832432549e+00
8.245651595684108104e-01 1.024488033906883588e+00 7.685271513303857382e-01
8.193024309669156846e-01 9.847080542746298182e-01 1.068932948342178779e+00
1.196329946514332887e+00 9.465986959017069768e-01 1.189844152918686060e+00
1.055396147626534553e+00 1.016254282335864012e+00 1.169686622400769593e+00
7.599511264626318541e-01 1.102585065433960398e+00 9.779368521070483933e-01
1.034918849212256076e+00 8.845574378251276348e-01 8.813956017298930634e-01
9.636932257693614501e-01 9.216017465919610352e-01 9.540089182748006102e-01
8.440341730295097822e-01 7.657992656124281705e-01 1.065411384183716281e+00
1.016151053580221397e+00 9.206997328482161569e-01 1.012678439521537577e+00
9.208336504022596181e-01 8.853319474217818952e-01 8.607408869295813947e-01
9.935436807687209049e-01 1.217978193575576684e+00 8.163451515571487072e-01
7.695376364026995653e-01 1.062024580845347677e+00 1.001335238536895877e+00
1.075246121840643054e+00 1.052579095201502613e+00 1.129166162132893891e+00
9.036785391201787032e-01 1.079949941043492290e+00 8.645097294154110434e-01
1.052384371401113849e+00 1.050380325003003268e+00 9.741379328559847117e-01
9.958957171673984421e-01 1.000046151112050419e+00 1.037550725253498118e+00
1.069883903507300893e+00 9.750565613200775639e-01 1.036857679602157800e+00
1.167716001756839317e+00 1.006816682414579001e+00 8.122281663590460443e-01
1.081089500915228152e+00 9.368718277600905919e-01 1.108614719311185937e+00
8.140736808862247820e-01 1.161793290907927378e+00 1.098208164819628907e+00
1.017112359080988515e+00 1.138386303816368628e+00 1.074143164319433907e+00
1.038132533775296462e+00 9.893099596554824071e-01 9.740828074336376208e-01
1.078750377798116444e+00 9.873591574290495609e-01 1.081329215265405930e+00
1.081324677307698767e+00 9.255091580807617291e-01 1.040377200767110155e+00
1.025561934060018832e+00 1.155694466438478063e+00 8.784959927248753297e-01
8.814021243996522648e-01 9.708621241799174628e-01 1.077048703207238445e+00
1.077712802319604313e+00 9.830766564246379291e-01 9.886601565540907854e-01
8.483245198650616326e-01 8.835960147647425877e-01 9.932691976579779425e-01
1.052852464117121967e+00 9.206467946787117995e-01 1.168260957440529824e+00
1.011961900782138768e+00 1.059262278201029028e+00 9.297043461109555373e-01
9.212996219702941358e-01 1.063765941044141572e+00 1.151964322841047439e+00
8.863878076880867818e-01 9.966264255664394334e-01 1.063832968691857728e+00
8.332555600616344815e-01 9.992514125525169266e-01 7.983041515850075598e-01
1.031108325602790643e+00 1.061372149853237135e+00 8.735273049019541824e-01
9.313775342118151279e-01 9.002648718193169142e-01 1.027785121224309872e+00
9.665530714696861647e-01 1.003010400215245124e+00 9.635180476615721190e-01
1.016366761853328082e+00 9.813886146073258487e-01 1.225311384601634135e+00
9.219035637215925449e-01 1.057195294566857235e+00 8.467999966976305082e-01
1.097896842649839222e+00 1.085097604285069073e+00 1.000952721468268525e+00
9.055655995813605141e-01 1.057054459888816744e+00 9.232433090808498388e-01
1.079686312110365476e+00 9.969791478682791253e-01 9.545279985927638267e-01
8.548526523029301716e-01 1.147034479127913897e+00 8.551277227594372699e-01
8.351025644462858333e-01 9.099981012054307872e-01 1.075295439262051733e+00
1.066490872732244855e+00 9.409617114476663824e-01 9.837241910120623212e-01
9.382725476162091516e-01 1.115552964078659004e+00 1.021860835761135844e+00
1.194929711425650076e+00 9.210801861096540311e-01 9.875732102628331788e-01
1.085091200250110077e+00 1.094988871792461627e+00 1.001017766560522659e+00
1.019142946372298741e+00 1.038686368109248637e+00 1.069609884224124396e+00
9.810894388616658857e-01 9.681534534641135226e-01 1.121584923015268576e+00
8.116431525886699250e-01 9.618636615881179797e-01 1.036888937425116897e+00
1.027082279328438208e+00 9.602201686418276871e-01 1.116331030358795218e+00
1.001001589356174115e+00 9.833032088076886224e-01 9.107420156636206743e-01
1.060114194035103097e+00 9.510073449398416257e-01 8.729253803165823999e-01
1.060067022804183523e+00 1.010864559792929773e+00 1.060174279941377140e+00
8.905582477870135349e-01 9.817202859928467751e-01 1.015099814840467296e+00
8.594896624823668008e-01 1.051451956754258399e+00 8.628609594969354202e-01
1.078911645230026028e+00 1.147127552116593119e+00 1.188104549032487522e+00
9.509716279631552638e-01 1.067820935537993732e+00 1.015139905188230607e+00
1.008762973618102299e+00 9.144817083604310781e-01 9.488926441352470986e-01
9.535775228447410656e-01 7.915118581856793734e-01 9.194832635686780442e-01
8.039475705337946199e-01 9.020792206550940495e-01 1.018960132217284098e+00
1.017313158059288680e+00 1.016437691547478206e+00 1.082332627683666226e+00
9.202954411937468437e-01 1.023356478365327504e+00 9.160725490417032102e-01
8.632813733272758361e-01 8.445089791713320526e-01 1.067063084605309742e+00
1.124817036000793635e+00 1.004141309056059139e+00 9.916248432751563202e-01
1.140305084617191822e+00 8.956486165373709341e-01 1.174177443464489601e+00
8.408395244974804505e-01 9.675960197198362200e-01 9.184317745169282565e-01
1.002366964085776413e+00 8.141433525660968229e-01 8.890178314730408093e-01
1.069113868788923449e+00 9.510329698391422060e-01 8.568341389805501640e-01
9.560968350839972318e-01 1.078068565986959548e+00 1.172171221529783036e+00
9.799525747670658760e-01 9.245472869334593335e-01 9.632969954972439020e-01
9.212973947279992082e-01 9.577898086861897919e-01 1.020541154166108022e+00
1.005351457264495929e+00 8.915206611342729737e-01 1.111953634007152303e+00
1.091129060493276404e+00 9.911912609419795128e-01 9.643909573674113167e-01
1.101287522065122593e+00 9.318439504731729217e-01 9.350825449519962751e-01
9.515450187495186896e-01 1.201371104899049413e+00 1.046265316938790768e+00
1.070963770327753029e+00 9.576286141663091778e-01 8.603627182990577493e-01
1.123694765933221484e+00 1.067090363614772830e+00 7.814725836891800448e-01
9.133711825970929343e-01 1.242537147700267131e+00 9.146589913746154821e-01
8.694942071480519230e-01 9.924638986343191638e-01 9.300396637861955140e-01
1.003052873154540059e+00 1.105475018847858371e+00 1.145477424752454176e+00
9.297290801014634898e-01 1.069739680673380544e+00 1.072211068904031395e+00
1.085266380546260123e+00 1.232028569223933889e+00 1.057589439592363068e+00
1.002046416470500301e+00 8.781509715793488491e-01 9.693740336539198310e-01
1.096425120597082081e+00 8.951380354257242322e-01 8.501774688194303486e-01
8.936786995057218741e-01 1.078999588595950021e+00 8.655178907132273780e-01
1.007668771125796114e+00 1.004561659965673481e+00 1.000790395119979692e+00
1.014675389234990233e+00 1.021033329988698002e+00 8.952489184025169688e-01
9.441733755643085813e-01 8.986988653282292905e-01 1.101585428204774342e+00
1.081416555712544358e+00 8.066742716590953322e-01 9.492421251951422834e-01
9.132445486429965342e-01 9.308769366980121918e-01 1.030984935291689997e+00
1.151113559811308251e+00 1.141121078717653559e+00 9.730671756802521388e-01
7.825500635776505565e-01 1.004111813888813209e+00 8.809373693323109267e-01
1.086611596893532594e+00 9.098045006270237822e-01 1.084844627472234979e+00
1.082074172837542037e+00 1.115852887968328933e+00 9.330948419762958856e-01
9.970564152721278495e-01 1.062092625653653366e+00 1.053514998680537884e+00
9.955227728234189444e-01 1.161078313696644271e+00 1.033959139187467846e+00
1.058089020879803055e+00 9.996868137084379269e-01 8.072473944505924592e-01
9.820069222723687430e-01 1.007767801300447186e+00 9.232489758272598435e-01
1.166728548479667893e+00 7.886486927267624125e-01 9.298759345100321427e-01
1.080326116851066498e+00 1.053510394882492873e+00 1.189014014189665680e+00
1.111777273972142766e+00 8.651461052323410339e-01 9.107075620004250194e-01
1.199844558993527155e+00 9.059497610432739600e-01 1.036966382020256372e+00
1.056081037358840291e+00 8.396449144482351912e-01 1.141394795577039378e+00
1.014013887138321746e+00 1.080857702597215919e+00 1.013670793834140715e+00
9.825845528395193984e-01 1.144036264889793264e+00 1.236635285422111430e+00
8.899267864602720124e-01 1.044304437188393386e+00 9.744576943874170283e-01
1.027013796029142334e+00 9.725099697463237547e-01 8.811491960287860525e-01
8.694788094054202165e-01 1.091524505919005739e+00 9.580148014240569276e-01
9.295659680144334747e-01 9.294043246685508297e-01 1.027771757548280762e+00
9.970903140433333700e-01 1.009324087334887876e+00 9.755408016500088930e-01
1.052846308258116315e+00 1.166283717782583773e+00 1.073422602003472948e+00
8.800911063011552793e-01 9.719774945992316617e-01 1.028316292383856467e+00
1.206391209139121123e+00 1.016660335075213251e+00 9.498734126435939285e-01
1.011830277065377315e+00 1.047190948771858032e+00 1.080350605616026360e+00
1.074047018081799587e+00 1.119528791345643537e+00 1.043027799768764474e+00
1.019731335738377043e+00 1.101326892850806649e+00 8.815884606152147862e-01
9.880200513693916387e-01 9.999165367136491067e-01 1.085872277514244422e+00
7.803503313824489140e-01 9.538436012178175272e-01 9.619357728888744408e-01
9.608514362730560254e-01 1.022766552898162651e+00 8.839763531975465272e-01
9.874921434450804059e-01 1.013902822242490620e+00 8.496617328875302189e-01
8.759756466511248174e-01 1.032939484324986168e+00 9.519407007776098384e-01
9.875445555537217812e-01 1.007978524459657077e+00 8.361390863930882045e-01
9.911248886464699703e-01 8.575085357693634780e-01 8.143394408601658530e-01
9.856430679620754587e-01 1.004589867520632618e+00 9.400278305305741489e-01
1.008523300667562239e+00 1.010569389076402036e+00 1.024797591564357013e+00
9.146542188451787236e-01 9.833175574139952912e-01 1.063945830695330663e+00
1.080506223605677940e+00 1.059319907634860058e+00 1.060984937054272326e+00
1.054565540230415488e+00 9.441218888409314003e-01 8.983831970451662263e-01
8.576351196672782340e-01 1.144933705554842751e+00 1.024614408923780973e+00
8.668216350898922951e-01 8.794816932714504265e-01 1.136446333584827384e+00
1.197556440666911470e+00 1.026169130121459050e+00 1.111352983042406040e+00
1.138501542221003859e+00 9.564553639710968724e-01 9.577648269564531525e-01
1.067908212058144679e+00 1.118121748757738398e+00 1.078934865519540764e+00
9.700272613463646332e-01 9.534604986339916266e-01 1.182613068180552673e+00
9.595971512838058493e-01 1.162041825692238017e+00 8.414796006699013509e-01
1.064801420238660201e+00 8.631104250799550570e-01 1.198648973815247487e+00
1.020802728429818229e+00 1.101168719498529569e+00 8.504023530425959265e-01
1.028451794692697652e+00 1.171347058922830087e+00 9.992829059647148071e-01
1.050718242176123640e+00 1.078137545412818143e+00 9.269802985982034116e-01
9.048890388035206733e-01 9.167394622503541868e-01 9.988736839591471073e-01
1.037842303202823890e+00 1.009496203104667700e+00 8.330066111450618038e-01
9.835867740644048673e-01 9.260487225344976592e-01 1.083433643583964212e+00
9.491971946246123837e-01 1.214035205611630808e+00 9.555514039935025794e-01
1.078387424403777217e+00 8.537877076594373449e-01 8.532139448120698022e-01
1.060248630820072924e+00 1.074885296592543726e+00 1.022570562401731387e+00
8.875682205836643579e-01 9.050769705461952919e-01 1.038826669159361282e+00
1.041052634540367894e+00 1.015487342606107291e+00 8.960470043544641605e-01
9.615110232310033478e-01 8.444856082799245822e-01 1.014187424783779212e+00
1.206092311695857289e+00 1.133724192907335837e+00 8.760722376602120276e-01
1.193494337013376816e+00 9.560974336221703673e-01 9.944337866775830870e-01
8.281550220540497831e-01 1.121610416166130664e+00 1.033537801400135292e+00
1.028822498016002340e+00 1.102231107270095212e+00 1.020800389038950984e+00
9.919761782097633596e-01 1.064828549142204928e+00 8.419754216497201682e-01
1.152664901197853364e+00 1.025102904729582320e+00 1.029655529347486054e+00
9.051530952713208178e-01 8.637629812059419709e-01 8.761119620634065797e-01
1.227311181502809267e+00 9.282983576909109580e-01 1.098842551174112447e+00
8.359384076947811160e-01 1.021533406866159455e+00 9.216783784206280528e-01
9.584804248432919893e-01 1.109559234990771026e+00 1.019423131330393195e+00
9.551979608312061165e-01 9.077085601169646578e-01 9.869548085028776452e-01
9.399369465149399749e-01 1.114109026938658209e+00 1.107899313921077322e+00
1.086966387859469974e+00 9.268388768170074954e-01 1.199085297006047712e+00
1.113532261828375836e+00 1.000813977924023934e+00 9.390083267861129013e-01
1.027377767653500307e+00 9.815956349282722870e-01 1.080742828942981681e+00
1.182676436852997615e+00 9.301551510764899389e-01 9.928997588456983658e-01
9.771282550303631576e-01 1.138261391686661961e+00 9.581248444778914797e-01
1.082362151106901260e+00 8.829537912042573211e-01 1.001011484728611123e+00
9.920404198824697151e-01 9.373512669818069298e-01 1.039971647542002442e+00
8.520511328302736720e-01 9.513310363404936520e-01 1.051499568912241056e+00
8.431750258535908316e-01 1.159337212631938341e+00 1.070522714460212743e+00
9.342997451777794726e-01 9.791660291966353125e-01 9.796053310956805982e-01
9.837198514996243759e-01 1.035594076154501941e+00 1.057392333622460212e+00
9.635175271863068991e-01 1.178843028924705605e+00 1.027679678989213086e+00
9.960395442405933775e-01 9.830370877093081994e-01 1.090187131957673028e+00
1.220132509163092793e+00 9.772274918198546878e-01 1.114445235675238122e+00
1.025953045173998657e+00 1.062071209193424348e+00 1.089985862958108065e+00
8.228076128761079300e-01 7.725912642001842023e-01 1.007728956766684725e+00
1.231684154615216409e+00 1.039197740740310794e+00 1.036918804519365800e+00
9.492201061364324843e-01 9.725532515059543970e-01 1.028459726800602603e+00
9.634517984987214234e-01 1.243350463736978107e+00 1.073873284357237168e+00
1.069792007916530840e+00 8.387102151040266573e-01 1.185791032826229996e+00
9.372314111024330208e-01 9.356318030101886674e-01 9.409393021363787746e-01
9.735132175719458658e-01 1.028619844740926270e+00 1.141309008318403206e+00
1.019770194277896502e+00 1.005502930496561032e+00 1.051497263553296202e+00
9.762336386528648324e-01 9.905633078229758581e-01 9.989484326826302274e-01
9.646168286310877749e-01 1.047894713531104749e+00 1.055482387647486142e+00
9.391028484235981466e-01 1.042201066972822110e+00 1.008528673832722822e+00
1.084956769376781205e+00 9.824252406754222511e-01 9.868345378915803767e-01
9.184924807742531616e-01 9.969234477403025041e-01 1.043703409431945284e+00
1.024234423570435926e+00 8.491563172568215023e-01 8.644597684713490882e-01
1.011653316754764553e+00 1.004655661229148844e+00 9.402292698379229874e-01
9.166453287079684431e-01 1.028682093267109687e+00 9.937142184029912340e-01
1.025043109424864429e+00 9.834432044597603007e-01 8.680503488928373867e-01
1.034720916455588835e+00 9.251885963717146888e-01 1.115772960876061148e+00
1.015469256896461392e+00 1.016252655008318628e+00 9.486995031692124769e-01
1.042548235729638950e+00 1.148318787587342849e+00 9.972778696750037586e-01
8.211113964177394475e-01 9.611946010157814690e-01 9.839465605325611319e-01
9.027046427565377229e-01 8.497542989225511656e-01 9.352188158859487954e-01
9.190938932508736503e-01 8.887593058360581111e-01 1.065690029976383402e+00
9.513715106154023715e-01 7.376927998099324091e-01 1.120721873975933258e+00
1.008414165972414622e+00 9.111649384088448267e-01 9.868449157213129430e-01
1.000059029417529333e+00 1.162892413533678226e+00 1.210578186086975983e+00
9.068474486859232631e-01 1.000045587631140265e+00 1.013444466694422674e+00
1.065589842229106798e+00 1.105380404762877244e+00 1.006571639303065258e+00
1.208702168410698441e+00 9.739877613173614224e-01 9.327304616180844832e-01
9.311543999645259806e-01 9.236663389577085548e-01 9.225431324775175135e-01
9.573097201089416641e-01 9.409697822842435500e-01 9.283960313469186154e-01
1.126941593650625517e+00 9.410703188636889704e-01 9.879348910578892307e-01
1.098879683418558351e+00 1.079248381368318022e+00 1.037706692588974189e+00
9.704481001257944106e-01 1.131913687692423842e+00 9.314512033506632260e-01
1.035477345116805781e+00 9.921574084109272551e-01 9.056515181854010166e-01
1.019788105551575619e+00 1.005581551971412413e+00 1.045459051078382773e+00
1.038829961627880438e+00 1.085375028572953315e+00 9.100765975139286645e-01
9.688154042468544169e-01 9.336799543919325206e-01 1.111032268758456176e+00
9.398642741123048872e-01 1.019173671259837155e+00 1.055779378064046536e+00
1.135040467706573519e+00 1.034554692825660815e+00 9.193841613300181015e-01
9.700793015622847237e-01 1.074302246752566026e+00 1.292800751601525189e+00
9.964326030776402554e-01 1.032909748129583249e+00 1.194550960669381823e+00
1.035565495930666824e+00 1.092308210211692776e+00 1.132487331111192708e+00
1.060863816547862770e+00 1.072993116789418666e+00 8.288475807853803445e-01
1.105986791935680058e+00 1.067919841517660728e+00 9.082400797849717877e-01
8.854206329951523902e-01 1.001690817483142926e+00 1.005939984211932092e+00
8.858492474382670956e-01 1.002296672597325022e+00 9.586300229784702198e-01
9.654207357221049612e-01 9.345846172688901943e-01 1.077470703235380523e+00
9.387070722767697495e-01 1.034550447269679596e+00 9.949976342083001191e-01
1.072391594790252256e+00 8.508555320703597991e-01 1.055372739605732413e+00
1.008407399263834492e+00 8.983595856405224289e-01 8.473488021090369582e-01
9.748384496223456708e-01 9.153197333127052193e-01 9.106242485238156270e-01
1.000152517109835326e+00 8.254874900048865261e-01 1.235552284956664693e+00
1.203681011758061636e+00 1.120188741445298231e+00 9.195191630671618599e-01
8.406079997799535963e-01 1.030847137985194450e+00 1.078991700100719875e+00
9.372727663957918232e-01 9.855044937990991016e-01 1.051572550211119061e+00
1.157895936760472866e+00 9.151029675822994758e-01 1.021532066664476268e+00
1.025527384616079507e+00 9.878992679200692129e-01 1.236096624086143514e+00
9.165849284670039010e-01 9.776950655238132448e-01 9.502004817026964423e-01
1.047246897141659749e+00 1.075951707077236863e+00 9.670588850707106943e-01
1.076286660968218456e+00 1.090800091405211614e+00 8.932124368283501648e-01
1.203837963007529765e+00 1.027620762888323158e+00 1.098054754688625900e+00
1.091576600447041745e+00 9.763296325775800977e-01 1.178282444122134898e+00
9.630453315185826257e-01 9.265850032260425362e-01 1.110279624206380156e+00
1.029328523999424094e+00 8.817536022669052453e-01 1.007763518852808904e+00
1.053996618972538712e+00 1.039136068807317903e+00 1.324129053952511015e+00
9.562412406081535199e-01 8.697722806809117246e-01 9.613246007961228079e-01
1.024112677793022952e+00 1.125998238383766559e+00 1.042810849115102245e+00
1.126789659857718950e+00 1.066550032214360400e+00 1.090500934397984345e+00
1.197593955458938764e+00 8.789358146609301814e-01 9.752125299654662571e-01
1.037371478931316648e+00 8.566300341712077548e-01 1.041010269019879475e+00
9.440217930688230563e-01 1.088067725649050077e+00 8.273870292941113425e-01
9.942398511900502056e-01 9.313406031894880810e-01 1.023417887271992566e+00
1.102784417919820958e+00 1.070011708409368989e+00 9.751731449005550667e-01
9.611695100973811634e-01 9.495946002679879205e-01 1.039975433277545047e+00
9.102412415393867917e-01 9.901819281294483854e-01 1.010398671565464701e+00
1.220415356708994370e+00 9.282382781493617729e-01 1.109100980310861573e+00
1.079133971592493912e+00 1.254810997775642090e+00 1.044683712476772719e+00
1.113940509579404825e+00 1.024509030611628013e+00 8.195883759016369119e-01
1.076028483319058315e+00 1.127916924746636074e+00 9.316774305624537789e-01
1.121104278448495251e+00 9.506912219910906847e-01 8.550818198571419337e-01
1.007688838717405444e+00 1.091609529028312542e+00 1.075917424369487563e+00
1.018671208307040610e+00 1.030816100993864337e+00 9.469618151001731876e-01
9.527390268844442289e-01 9.383636525435123943e-01 1.057622170861032274e+00
1.150951844088732523e+00 9.426564539748557570e-01 1.118078076197428494e+00
1.028512357102700170e+00 1.035927737850213859e+00 9.557786694758356738e-01
1.069357544994053777e+00 1.086422467461930719e+00 1.006960623959780365e+00
9.251557879066636403e-01 9.361518773074443134e-01 9.898620110999519772e-01
1.064954801332632428e+00 8.239416724963838368e-01 1.252278206913687297e+00
1.091151078683487929e+00 9.247007120561372417e-01 8.615468511316191069e-01
9.791194542672279066e-01 9.262675121346276574e-01 9.621059612705753494e-01
9.943226848091527570e-01 8.769181271036861069e-01 1.050719406569415204e+00
8.816122919457249907e-01 9.595386580582864200e-01 1.110947175836449974e+00
1.000898233672134152e+00 9.663115448741413926e-01 9.409386064335055755e-01
9.945722063072003349e-01 1.041397963593877041e+00 8.609768260554183650e-01
1.077760967007506565e+00 7.549617038400897595e-01 8.579369537205263629e-01
1.114414832341076300e+00 1.048490349384781917e+00 1.043961281911371719e+00
8.533545562011706220e-01 1.079494933563985848e+00 1.013035492741519494e+00
9.934026712511478951e-01 9.159977420952986060e-01 9.944088028676134616e-01
9.985297845664744543e-01 9.422859522168315349e-01 9.285082839822518253e-01
1.020498572765263567e+00 9.064762121536662498e-01 1.077142617488080711e+00
9.757160308742890420e-01 9.136786128554841291e-01 1.039170794523605945e+00
9.885988609933735738e-01 1.233963062787679199e+00 1.014193710078974187e+00
1.023457049700077226e+00 9.981901488087497887e-01 1.012398698676678199e+00
1.044216381813506622e+00 9.463591690991633998e-01 1.026447442547021138e+00
9.856500175707778588e-01 9.842637894641645957e-01 9.105911778223916286e-01
9.840546237544687269e-01 9.126110274164705993e-01 1.017193534502518037e+00
1.017139661967991771e+00 9.568161133983434929e-01 1.004962495903040098e+00
1.048514495619820464e+00 1.100820952993339263e+00 9.775768706119858376e-01
1.144084627735031168e+00 1.025156474924912908e+00 9.470121127836597097e-01
1.114626116174753268e+00 8.667662472211687952e-01 1.012581811676721788e+00
1.022953359924240635e+00 9.959154385900758077e-01 9.713685442696705641e-01
1.039632028648024509e+00 1.033857786126745060e+00 8.331626530499582906e-01
9.976295792007345842e-01 1.181315833900549395e+00 1.024552523029061080e+00
1.056153441822216488e+00 8.844832384075164144e-01 1.008688408372615752e+00
8.770243959307808534e-01 1.154164062287866166e+00 9.271556720244621408e-01
9.663405348389808580e-01 9.754546559492081048e-01 9.703584965111688998e-01
9.908934294670038723e-01 9.442223289209978887e-01 1.148872708995313907e+00
1.101934668329361378e+00 1.047817713266226969e+00 7.888555790652734823e-01
1.010840250418415298e+00 1.084620884260074636e+00 7.322728954724351258e-01
1.012928381133570088e+00 9.887877577199141177e-01 9.375609116992473790e-01
1.065173237385042881e+00 1.208812636370684368e+00 8.416692211887354391e-01
1.002834411711982510e+00 1.191152722275317100e+00 1.017620240375081808e+00
1.030923640791555407e+00 7.500274331790158788e-01 9.392952166065375863e-01
1.015827904347044619e+00 9.399483770549679207e-01 1.055841394533146405e+00
1.066321190222225823e+00 1.105676691364844144e+00 1.073758918165297338e+00
9.714884657862427053e-01 1.012518749462665291e+00 9.605256671527857559e-01
1.029140150745577298e+00 1.046521914493221850e+00 9.905304062397123355e-01
1.003577570571049460e+00 1.253667316021403577e+00 1.134581670561635613e+00
1.189629148620457100e+00 9.955326784189123535e-01 8.696340523693026903e-01
1.083578655028611504e+00 9.344457811490007870e-01 9.004644480382704153e-01
9.222319081924503781e-01 8.577288814863613942e-01 9.120285588478324046e-01
1.078744017170468528e+00 1.025912508654527766e+00 1.110111856794696816e+00
1.074083512061188905e+00 9.523497943310511582e-01 1.042512389969215247e+00
8.676412903399783882e-01 1.063567726316530848e+00 1.032100949714455096e+00
1.083949865932826162e+00 8.166066539800221902e-01 9.643652839286390721e-01
1.085467456131317787e+00 1.141540162864540964e+00 1.033551022982544643e+00
8.196539112561336271e-01 8.863948673198392969e-01 1.009003260877671782e+00
1.033529948641162211e+00 1.038245568103341121e+00 1.183484921954967684e+00
8.622103637301963275e-01 1.049421717492076134e+00 1.187703781014544324e+00
8.530700282678176372e-01 1.178812739630549222e+00 1.066093086867898165e+00
8.329995175611301095e-01 9.646018855065596753e-01 1.201202489519065164e+00
1.138782727679420015e+00 9.223650864078832834e-01 8.491181889884579226e-01
9.459962320421680948e-01 9.972192747443218153e-01 1.114266809944865599e+00
1.028353645258400340e+00 9.701517299170369091e-01 1.106435158904840677e+00
1.106200528662026006e+00 9.999480365293776929e-01 8.665632653787262996e-01
9.933788409842706502e-01 9.693505901162635663e-01 9.270034250726307823e-01
1.092273727886197365e+00 9.861333723590747224e-01 1.164012733957762169e+00
1.070013214675338054e+00 7.352339432089780580e-01 1.099256349031162872e+00
1.080027407885751023e+00 9.273922579376696618e-01 1.001707883534206811e+00
9.274306629504702748e-01 1.039644377633393013e+00 1.106056648673804599e+00
1.010153550539497624e+00 9.804472806638051541e-01 1.042434478719968638e+00
9.613116370672688538e-01 1.029758021559338710e+00 8.146686213196863147e-01
9.454137816019403395e-01 9.656038238238544569e-01 1.019875510472781244e+00
1.069187106401709775e+00 9.489789719714115668e-01 1.076502076723966139e+00
1.051905503689024357e+00 7.863664478053253859e-01 8.166242130395306997e-01
1.075082182661267760e+00 8.956516123449059785e-01 6.450272002452384079e-01
1.119414723284049451e+00 1.001488636616849615e+00 9.457458987854362453e-01
1.072042288619923900e+00 9.337721747166671804e-01 1.004727783533022611e+00
1.111308369250981753e+00 1.007391217478414758e+00 8.658611222982499633e-01
1.083055702570235423e+00 9.257087815599557290e-01 8.575622958886585101e-01
1.220308357983640679e+00 9.040575677142730360e-01 1.063616968499955462e+00
1.196883410579322904e+00 1.018264440219471378e+00 1.007618574442377790e+00
1.034190020697479673e+00 1.055705614955280147e+00 1.119244326688179969e+00
1.001507065147389408e+00 9.885683069987035720e-01 1.108381433294399976e+00
1.151034858171787745e+00 8.874136447285256857e-01 9.626004480989872603e-01
1.056002127661020529e+00 8.681062425060663834e-01 8.202709008101738419e-01
9.225731085375760143e-01 1.051105557668965185e+00 1.105344710719410761e+00
1.150792182359608562e+00 9.673474394424469436e-01 9.299381555603731808e-01
1.012874877193819856e+00 9.121905083424413085e-01 1.244235793335877638e+00
9.610195099711282829e-01 1.094391738996138175e+00 8.806761531620848071e-01
8.669768699118184374e-01 1.113824668093559955e+00 8.621699343944395633e-01
1.063837324966027120e+00 8.706791634295494298e-01 1.108836100674874148e+00
1.061707202352214718e+00 1.049741466161334680e+00 9.012108130142396645e-01
9.890651834945918264e-01 9.920198631476064843e-01 9.521340973172228717e-01
7.670620530966389961e-01 1.095429222335847275e+00 1.062145715407594171e+00
1.045133421751044178e+00 8.907498122006928254e-01 1.055933771675349631e+00
1.200792482070788703e+00 8.889401203741361668e-01 1.006368445812929613e+00
8.359908995383622532e-01 9.325629105714228206e-01 1.050955332472612191e+00
9.644272494179526589e-01 1.130701438804828651e+00 1.015689473756326677e+00
1.006586563537642531e+00 1.055723551515801661e+00 8.527492418802689045e-01
1.003209408536960723e+00 9.197313601706702535e-01 1.010266969612239718e+00
7.590446209908313646e-01 9.360590734633611465e-01 9.375173589748950764e-01
9.404059691627331130e-01 8.374052742936783922e-01 9.355211521869144509e-01
1.092646417343779319e+00 9.708702893066222250e-01 1.018843435023402355e+00
1.168659338173681617e+00 1.118515691708090287e+00 1.084826633390109318e+00
9.609990882772080356e-01 9.563181306328112363e-01 9.342115632317476992e-01
1.049843025632187565e+00 9.744947544681754614e-01 1.103387116320233785e+00
1.096084131142931906e+00 9.212651237046054487e-01 7.924130511332814208e-01
1.263762760100987759e+00 9.133261526993221580e-01 9.540213305117212217e-01
8.645571390988820992e-01 9.404364084796821288e-01 1.163204754493226689e+00
1.127524669816426739e+00 1.141605509510072336e+00 8.870473113246303276e-01
9.578188102457687592e-01 8.109666791767917715e-01 9.035105170248873829e-01
9.440498397921972540e-01 9.069252741567174203e-01 1.098511296147854255e+00
9.799545329641116131e-01 9.421245123713034575e-01 9.412130578153018456e-01
1.051197510373417687e+00 8.863788873811773161e-01 9.222786062685884856e-01
1.165441428799461221e+00 1.048197929322011834e+00 9.154205767816420147e-01
1.005098961449969019e+00 1.010593032763591248e+00 8.570041512806799711e-01
8.807071649052309326e-01 1.031401222975243170e+00 9.066216495607695158e-01
1.112971322840959676e+00 9.989162378002912623e-01 1.100265243747510446e+00
8.510792751492400887e-01 8.900499608544996111e-01 1.159619287889336325e+00
1.168445221488675134e+00 8.399516210169102326e-01 9.413876335872153334e-01
9.684884387221015523e-01 8.630780507812302327e-01 1.016086009024933734e+00
9.487576696007605781e-01 1.174415727973678658e+00 1.002894572995002065e+00
8.555888914117559807e-01 9.988030398417929723e-01 9.440639789558018524e-01
1.066870998809609228e+00 9.853735433110820674e-01 9.758430710792284080e-01
1.020529128097501959e+00 9.953025242517555826e-01 1.128298096427461150e+00
8.989079876694652249e-01 8.394087212349059524e-01 9.209571040153978760e-01
1.007670308307244911e+00 8.903174261352415630e-01 9.775991871636190433e-01
1.202718395514571714e+00 1.022559215739053951e+00 9.922780030956723785e-01
8.923059361556122671e-01 1.012173952798528509e+00 8.736377053791111180e-01
9.567208491328200726e-01 1.128537753038569624e+00 9.011048519799318424e-01
8.384413965888203313e-01 6.851653201197356324e-01 8.984074264672610166e-01
8.876101049077995686e-01 9.685579657331997439e-01 9.364096413483875558e-01
8.901470007985329280e-01 9.872322235946183744e-01 9.851954635274199346e-01
9.335863271781753570e-01 1.049891694008370457e+00 1.050753622190302661e+00
9.428991012865051147e-01 1.011868160938205197e+00 9.646336104028336855e-01
1.039135821313718067e+00 1.134803866416549845e+00 9.595749082021148846e-01
1.101573704416934696e+00 9.839701994859196832e-01 9.192567853461716121e-01
9.202338318280400831e-01 9.504207695712221238e-01 1.437072800520724059e+00
1.060596150669770532e+00 9.127460598468176700e-01 1.210122133221767982e+00
9.937376115371822083e-01 1.115388047098666124e+00 9.885682016173065190e-01
7.796120684873270035e-01 1.047674208075249691e+00 9.878655720825864073e-01
9.837161715807792861e-01 8.987732364799678741e-01 9.746455648274542360e-01
1.097732129214070262e+00 9.155539315009709744e-01 8.176945536131896564e-01
8.678846051345019408e-01 9.813423596816411854e-01 9.957324457313770916e-01
1.054686824088982178e+00 8.110985935760600674e-01 1.020867546697314054e+00
8.306011382812851229e-01 8.844750997787081959e-01 1.064226747446289867e+00
9.663862999901866591e-01 1.003628218868687805e+00 9.520823455007058067e-01
1.038688836550540673e+00 9.657541697444185225e-01 8.799983974428187139e-01
8.981830529608847424e-01 1.088103902462278505e+00 1.027397500868439728e+00
1.019486026726402317e+00 1.047797011053891447e+00 9.059458963278005372e-01
1.060039825767704169e+00 8.711906539443605713e-01 1.105434117486525869e+00
1.168106632223204322e+00 1.067802409305195654e+00 1.011780425932221394e+00
1.099845318098410241e+00 8.348508184888403516e-01 1.057429004232151470e+00
1.055792360373074334e+00 1.006778760234423808e+00 8.617146837747639010e-01
9.027684826614021940e-01 8.764174528693815525e-01 1.057208324902478402e+00
9.517180609731634711e-01 9.702951903497923913e-01 1.052037045519860881e+00
9.383301248911380954e-01 9.855718901726199244e-01 1.034367185918149801e+00
1.208912858040982030e+00 8.408874230706928632e-01 1.037309953851488498e+00
1.101137069214792819e+00 9.700735400512889850e-01 9.529162539318650760e-01
9.052882056098969787e-01 1.062719560887156911e+00 9.912167927819316438e-01
9.966172236999089051e-01 8.097039370553996696e-01 1.019195952993409815e+00
9.429991955112125845e-01 9.101598917096098695e-01 1.065509119507726643e+00
1.264192509811756793e+00 9.001469353698511311e-01 1.087440632330995083e+00
9.189322636372176945e-01 1.032091552921784672e+00 8.302987172467052313e-01
9.945004648298885197e-01 9.598047139430445629e-01 8.612518232787685912e-01
1.029647563380037711e+00 9.086052906124598705e-01 1.101083269754675964e+00
1.090119356988270560e+00 9.087031217110541625e-01 1.066337132470418725e+00
9.668196672161959437e-01 1.163934920945405294e+00 9.275048379928058084e-01
1.104504345411607913e+00 1.070364373902478627e+00 1.128804968658352115e+00
9.764734488009167990e-01 9.403275253025646929e-01 9.570934569189460950e-01
8.139781747805130419e-01 9.976462300900861280e-01 9.886116116217603667e-01
9.843322293290571734e-01 1.080935317432302645e+00 9.773396656137182115e-01
1.058998997821412935e+00 7.764397116555576961e-01 1.013037658749741166e+00
8.723863761479474510e-01 1.085174334672232455e+00 1.105368479355747002e+00
9.118000185729544516e-01 1.213845406662001469e+00 9.594915500283320853e-01
1.026842302815003327e+00 8.598347922425920720e-01 8.820282576181075473e-01
9.368001834057646526e-01 8.662431216471420115e-01 1.122396012870214177e+00
9.158668861832928165e-01 1.074883132412920883e+00 8.380385578695367377e-01
9.559173309040721600e-01 9.726241762423122328e-01 9.793042287105956367e-01
1.013735076413254665e+00 1.015445775298530418e+00 9.116416283024407763e-01
8.986386275576391247e-01 9.484190710508247912e-01 1.000609297638010098e+00
1.111555177560760388e+00 1.052768924589936539e+00 1.034713294638985648e+00
9.893481256009533098e-01 1.022892349029257852e+00 8.836971683993206650e-01
9.491647310984117070e-01 8.368696011597012152e-01 1.039222663011173609e+00
9.770194475192590655e-01 1.037190288982516861e+00 9.600550507491565355e-01
9.650462052057997564e-01 9.133501714621716783e-01 9.365109051552462649e-01
9.402795236475349760e-01 8.606881725866669663e-01 1.032653277260365821e+00
8.243316962187109409e-01 1.032135048549119194e+00 1.110129460900819653e+00
1.057987295351575652e+00 1.062935388299257822e+00 1.084141939599202686e+00
1.181455551855299602e+00 9.645157246153871489e-01 9.070727387411257059e-01
9.438281657118181567e-01 1.070035459261028610e+00 1.156517354788211716e+00
9.097921108597085693e-01 9.800558603837936644e-01 9.768705864218000245e-01
1.035098180614680174e+00 9.192860725884497430e-01 1.156400160991514436e+00
1.134485893152334723e+00 1.095298473009963081e+00 1.066241470591595908e+00
1.131230682413891575e+00 1.187331305960131811e+00 1.127202450323449012e+00
1.190552622169223529e+00 7.834290279770504961e-01 8.152181170394903198e-01
1.066473305174155950e+00 9.012835059267130244e-01 8.771467121141215406e-01
1.104086509292121487e+00 1.120772277623230284e+00 1.010473258971185118e+00
9.032792295891012291e-01 1.122137336254356521e+00 1.147563068359274574e+00
9.637751841115771434e-01 9.742124312883045922e-01 1.179304213430558690e+00
1.029648767141854160e+00 1.073348684173836221e+00 1.019882067760034428e+00
9.540792542903322460e-01 9.097623273090523766e-01 1.069245234652470344e+00
9.940461456865187229e-01 9.922947559213620705e-01 9.512948583666769320e-01
8.378214681562599075e-01 9.154433437463814771e-01 1.078948206709736013e+00
7.411165048957586432e-01 9.991748187252795788e-01 1.007156207204196630e+00
8.947268774833542215e-01 9.408717423305628103e-01 8.111886333430570195e-01
1.077147266768635481e+00 1.013743500466219416e+00 9.905258613599658979e-01
1.091166133594352106e+00 9.593574790126195850e-01 1.020945583035260507e+00
1.081700723277300824e+00 1.165927816894221314e+00 1.094461931154354861e+00
8.453459021732907530e-01 9.305632670425196817e-01 1.100527401705247765e+00
1.049181183304040976e+00 1.073602534434830114e+00 1.152750057205174761e+00
1.065681865997332167e+00 1.020720239662073370e+00 9.940198888577623793e-01
8.668716811369647779e-01 1.025291927055062668e+00 9.697270619636290112e-01
9.383713425218151993e-01 1.132299977986152451e+00 1.081265748665364734e+00
1.001997618097252518e+00 9.747936699318144882e-01 1.032915771491012880e+00
1.100939951803993289e+00 8.111227600105744839e-01 1.077126002364851676e+00
9.377056631431743838e-01 1.036065526210067533e+00 1.127078733750463080e+00
8.538374089669381606e-01 1.061127118012645587e+00 1.255613863664945651e+00
1.040495933872669587e+00 1.103942828478299054e+00 7.941323056365218180e-01
8.914598027767781652e-01 9.212003436960897185e-01 1.077711746917989544e+00
9.882921778542849145e-01 8.300614799092334017e-01 9.573160302672947264e-01
1.128243373128231086e+00 8.762531531986446076e-01 9.679693834509138783e-01
9.022443457786941678e-01 1.070345587587123504e+00 9.370450447244432768e-01
9.484699513099705825e-01 1.024817444740729222e+00 1.184370353353659144e+00
9.996915786101853163e-01 8.660767393611101816e-01 9.778307854904515484e-01
1.012153873289968642e+00 1.097954750316032735e+00 9.898973321729638286e-01
9.894965835457896208e-01 9.142929856454727888e-01 9.098688352249427735e-01
9.588214997337439760e-01 1.084286227779602374e+00 9.190288531783310511e-01
8.140425437503888695e-01 8.951728561259670869e-01 1.020854269304450002e+00
1.000741416254409044e+00 1.028449164330302645e+00 8.320134304787528690e-01
8.823693270161794278e-01 1.045471985262176773e+00 8.217018548536464406e-01
1.044024937060788361e+00 1.092091588977857741e+00 1.126586872166016828e+00
1.040767982532635472e+00 1.082504781864717547e+00 9.447542970914059035e-01
1.054696931667457038e+00 8.947053389292194403e-01 8.860963271435161603e-01
1.138354202586272290e+00 1.101745219411198740e+00 1.136914914706389057e+00
1.052030434088655042e+00 8.607735750957794529e-01 1.038412845347803648e+00
7.863675313367658459e-01 1.197559655900752862e+00 9.742901969238841886e-01
1.168251084869984080e+00 8.895084946174438567e-01 9.642772352966278993e-01
9.949777420678729278e-01 1.066289396321314031e+00 7.481586365290264773e-01
1.110779499835566231e+00 1.017571547625485850e+00 9.451079885330010422e-01
1.019529811575286216e+00 9.575398211428622908e-01 1.000051419802508779e+00
9.656905086380820347e-01 1.044132136155730528e+00 8.942565021027533145e-01
1.139986705807842782e+00 1.038329951806352902e+00 9.063441352426730990e-01
1.051212263218049836e+00 9.444505814849621927e-01 8.797129108993062552e-01
1.056258003892405428e+00 9.482222857028179686e-01 1.072399740483973130e+00
9.359019329619036043e-01 9.486885235612589895e-01 8.728916248228067998e-01
1.023092798205046172e+00 1.042120285763249221e+00 1.181284565872196435e+00
9.894776402377538638e-01 9.885661425261327295e-01 9.233950429637574064e-01
1.018987601015048039e+00 9.336926928752211641e-01 1.028161654706875705e+00
1.178573663433525542e+00 8.848039175031336967e-01 1.024632014190407725e+00
9.186106587833341441e-01 8.692487801865829145e-01 1.000500638894028960e+00
1.112032083981437269e+00 1.111273973070373122e+00 1.016130146570663140e+00
1.012690616707279556e+00 9.929223205823027865e-01 9.788540900871218753e-01
9.054894938382229697e-01 1.021692542876547094e+00 1.169098913692026898e+00
8.719705637186747627e-01 9.620243230084343233e-01 9.505684619094098009e-01
1.081402749105466521e+00 9.780675100452513870e-01 1.027121688005699029e+00
9.473665835730784579e-01 9.901314441461543936e-01 1.086568195314302487e+00
1.161710648247187949e+00 9.894081757661448151e-01 9.995794879070748484e-01
9.738714191053227109e-01 9.478337207391095420e-01 9.699131793818952518e-01
9.408959113252501893e-01 1.246402344289722519e+00 9.717951971137498424e-01
8.984462019666110688e-01 1.050093207544566809e+00 7.710407537491090757e-01
9.982872847347233902e-01 1.129894706642059266e+00 1.080933750155098183e+00
8.424661987407440211e-01 8.753119656674743787e-01 8.695981166537732898e-01
9.842177622317361818e-01 1.125049605246565720e+00 1.081759582670394959e+00
9.179057393639283857e-01 9.824999088473099773e-01 8.917399550947471276e-01
9.626970235836367351e-01 7.424599741396544772e-01 1.129909946980404589e+00
1.065610513072517085e+00 1.023171439814014150e+00 1.021255051582259599e+00
1.123162752332730552e+00 1.030290078653318231e+00 1.095804495121252664e+00
9.062248143456019811e-01 1.076140105501016020e+00 1.001156108316495708e+00
9.154336643070836166e-01 9.521536406567803201e-01 9.263827522016246929e-01
1.012335009935053209e+00 9.825832443293095464e-01 1.058340814371214966e+00
9.677149372496249846e-01 8.479121593050183980e-01 1.126660260685583781e+00
1.024617190043070059e+00 1.022803496569207882e+00 8.865202891522199202e-01
1.123240714260282491e+00 9.735871456830174075e-01 9.115950015595832845e-01
1.091641721478742166e+00 1.132375343952845004e+00 9.534827359832130922e-01
1.220445776992636455e+00 1.220671447718163494e+00 9.438931642261563226e-01
8.268128291705567623e-01 7.751629025335590173e-01 9.937957410003489533e-01
9.823970957857270925e-01 8.851338719845632808e-01 1.027116680610165922e+00
1.100970876217176153e+00 9.815875123315310757e-01 8.839857165537793326e-01
9.854001602170809893e-01 1.000823299581036885e+00 1.008012990276343057e+00
1.102018827822618174e+00 1.137425669692466945e+00 8.695871409486899406e-01
1.094194859015895194e+00 8.450121162246135853e-01 8.225861885960736863e-01
1.013887672415452190e+00 9.059558642756200264e-01 1.135229072671577022e+00
9.592078792935805343e-01 1.120096105951966514e+00 1.113410820466818496e+00
8.960233252392300063e-01 1.111138154008113776e+00 1.070925202112502639e+00
1.022174041698877822e+00 9.279858275850827454e-01 7.797588024318350408e-01
9.981072215134425551e-01 1.151704967251543366e+00 9.684589621141069804e-01
8.448316469483514446e-01 9.324207364141438026e-01 9.386188137137170262e-01
1.113390074577260247e+00 9.505613070872253045e-01 1.035241143819267684e+00
1.049543281477509860e+00 1.176900955093562073e+00 9.187516883123092448e-01
9.941164011020088287e-01 1.040597336426651864e+00 1.125138083961933599e+00
1.032183348619221341e+00 9.719879968701171657e-01 1.179532469002575024e+00
1.281745088367380880e+00 9.316071988805884052e-01 9.352808491875828079e-01
9.431810199885080070e-01 9.990279040711512737e-01 1.035861406483815861e+00
1.077496721251181233e+00 9.195064959738565857e-01 1.014691810346217249e+00
9.134995364303890586e-01 1.001857794663608026e+00 9.235282838276943629e-01
1.141827639055454036e+00 1.006074772292009145e+00 1.077360450464948105e+00
8.630922362163446770e-01 8.743934302920783885e-01 8.860702856551992967e-01
1.019784089290112439e+00 1.071775156343358182e+00 1.042146206973268097e+00
1.050599324156813008e+00 1.070696349041142525e+00 1.011095445846148078e+00
9.471050390129254204e-01 9.618144462450826104e-01 1.098191457244509950e+00
1.096533511028799479e+00 8.145551973646998345e-01 8.818178680024328919e-01
1.052017311549195533e+00 9.633335137160061734e-01 9.738565178240861098e-01
1.045118061143374355e+00 1.075979309269048612e+00 9.717103253102578053e-01
1.072429554782478256e+00 9.151008752268853241e-01 9.603444088608412699e-01
9.242910344135284451e-01 9.103870134639313605e-01 1.120157666778350158e+00
1.025258998470611971e+00 1.119716554310710599e+00 9.938881705434733371e-01
1.066910732518337790e+00 9.480797719188547301e-01 8.110642658878357558e-01
1.141552385903838340e+00 1.006388709880358112e+00 8.956257982410706919e-01
8.883034495605730552e-01 9.662853069078972679e-01 1.007210679084209248e+00
1.081170227451131671e+00 9.232845267981945048e-01 1.026561599910968292e+00
9.786838836128696206e-01 7.802565296673733553e-01 1.022943891790752291e+00
1.010566733770783099e+00 1.110255217076430601e+00 9.394387182961200233e-01
1.077159833774537612e+00 8.572003842347640790e-01 1.013637842988903248e+00
9.836453003970544451e-01 1.038906468719450915e+00 8.429636291804087911e-01
1.039759201713007064e+00 9.363265913557581310e-01 1.022368717582179176e+00
9.644909543775483929e-01 9.496995186691832291e-01 1.028707858748580728e+00
9.574708738271665576e-01 1.018938948907321729e+00 1.111208452338527053e+00
8.374819972799730783e-01 9.597826323302850460e-01 8.296813914486751429e-01
9.588232330706563111e-01 1.103634088633155708e+00 9.945939773444324450e-01
1.032093070185424066e+00 8.156144759627763641e-01 9.285061730663619617e-01
1.060476923847637254e+00 9.872681854342909569e-01 1.081617003730184434e+00
8.532504939891701889e-01 1.152806053546400200e+00 9.647596770732014271e-01
1.026943530830971341e+00 1.033362528495388011e+00 1.003885984816446975e+00
1.002663404168147476e+00 1.054234554426725978e+00 9.561035186558994869e-01
9.129555134977969111e-01 1.068460017554437202e+00 8.296736057127324093e-01
9.672370274816566305e-01 1.083310388353100562e+00 8.060515637026937075e-01
1.117005675534057829e+00 1.017788821805531096e+00 9.615808359197722810e-01
7.657224454523855472e-01 1.173794043545960619e+00 1.073982542672705875e+00
9.072022840094681184e-01 1.048966925439020592e+00 9.716157957050702842e-01
9.625291929396667667e-01 8.789634546584003116e-01 1.022124718937762244e+00
1.048208497097241843e+00 7.534539182130561841e-01 7.108701786754005880e-01
9.224415946238063713e-01 1.053544166648464175e+00 7.861006101818738268e-01
1.002558949533485677e+00 1.145452954941396984e+00 1.024080238304497126e+00
8.043456583280632621e-01 9.755871508293851857e-01 1.039657619403378863e+00
1.175162469401508591e+00 9.450376806127964713e-01 9.213249431688271818e-01
9.063957316778004092e-01 9.969456811023368337e-01 1.094654742203702513e+00
9.898131028943565335e-01 1.002604352025363577e+00 8.800483939415283396e-01
9.564384934630645319e-01 1.003611191649185663e+00 9.877431273596972705e-01
1.118119434302321746e+00 9.369898534333692686e-01 9.786535809500377381e-01
9.495281171054413827e-01 1.046824663878832107e+00 9.958429750694756111e-01
1.033131487234945745e+00 1.066334456166493361e+00 1.031201664244942195e+00
1.030909555002851086e+00 1.074941383834103314e+00 9.190269673514568360e-01
1.077621229027674765e+00 1.011557587391370694e+00 9.824022354801908996e-01
1.192929984790455089e+00 1.100386406809557682e+00 9.579565501252880200e-01
1.052162006644143943e+00 1.050015601372135787e+00 1.163137024857252566e+00
1.031079053367469411e+00 1.253890250211382895e+00 1.136688116340967447e+00
1.081228351507599550e+00 9.514693279553011473e-01 8.955644303766795433e-01
1.007979939389733737e+00 1.155597477068781798e+00 1.110041898463183241e+00
8.685184843266243737e-01 9.861123975103027739e-01 7.853450063105070766e-01
9.777282013474276612e-01 9.597383176494204138e-01 1.007625648584669298e+00
1.088871242485914381e+00 1.040160993608595374e+00 9.339043118346681549e-01
9.896668728458689612e-01 1.039233555391106067e+00 8.385096690313474932e-01
1.002412637107572335e+00 1.032402645266845109e+00 1.120344611076121710e+00
9.419022679323169056e-01 9.588639380385336475e-01 1.151938886248478733e+00
1.044533049902365729e+00 1.065657726399224181e+00 8.904401101205678959e-01
9.605979748479802627e-01 9.716613252724454197e-01 8.870514259031937465e-01
9.734089954702624947e-01 9.436400224988181762e-01 1.071516440672827031e+00
1.070441602957889815e+00 1.115350207167645991e+00 7.015389272613312688e-01
8.336497387619753452e-01 1.061584977794814533e+00 1.111721732841439492e+00
1.048230486734744726e+00 9.671189332015961426e-01 9.688881045998547492e-01
9.637568302773662499e-01 1.112908401354147481e+00 9.794076764595294193e-01
9.568635746978110257e-01 1.079572928609294324e+00 9.540122693387717012e-01
1.144196636425534042e+00 9.553342164219932320e-01 1.174346525661911000e+00
1.077541789742329392e+00 1.086324736605785546e+00 1.038065799622306384e+00
1.043516077252280461e+00 1.070557650299633456e+00 1.047211984766751369e+00
1.127440606307166915e+00 9.990811503593642895e-01 1.018613188065245145e+00
1.256717649308287887e+00 1.149291534172024676e+00 1.032426431844754022e+00
1.089055961019904872e+00 1.009745931163547494e+00 8.504504160324866113e-01
9.732575120448899719e-01 1.071242745643951944e+00 1.072507785712261796e+00
9.605705787716432020e-01 9.599389737115147092e-01 1.052464925730568934e+00
9.451282610702984588e-01 8.554101429052349825e-01 9.140202429390157368e-01
1.011523299134976295e+00 1.115675710420219735e+00 1.042733869570684480e+00
7.688081829096156117e-01 8.199951088654028331e-01 1.006177306304614438e+00
1.193114830184910602e+00 1.127838891403979638e+00 9.653214649898962385e-01
1.145983195482391137e+00 1.034637241605699254e+00 8.844099078312950279e-01
7.447026238663390085e-01 1.052017080654960024e+00 1.000563876340307079e+00
9.382324262383138214e-01 1.084815683005002862e+00 9.699544739340927313e-01
9.688547459275805851e-01 9.528510535160275019e-01 1.024804211147528399e+00
1.027308448501347060e+00 1.073268855475687733e+00 9.880515866073095177e-01
1.064723396804989397e+00 8.788811217617927829e-01 1.058346427823627423e+00
1.146685510400753838e+00 8.902748864168916754e-01 9.952705597326886311e-01
1.062606375423591709e+00 1.009016300426876178e+00 1.106143837539137698e+00
9.835953702426245560e-01 1.139731963154924532e+00 1.032584757715947710e+00
1.080510966806389472e+00 8.778413339153920969e-01 1.015579386195530009e+00
9.976835957089992268e-01 1.028202389080533408e+00 9.488270537006020522e-01
9.984095055314512468e-01 1.178616291724147613e+00 9.195328626146326290e-01
1.010566409146833822e+00 9.721305640461286313e-01 1.027827211332591917e+00
1.040865795449177122e+00 9.602846807598286460e-01 9.652764857708712176e-01
9.421538824960800085e-01 9.336950447614208448e-01 9.600779584703711400e-01
1.106056146104401616e+00 1.081532067073284864e+00 1.046103106632022994e+00
9.768379683593673146e-01 9.403444328110243111e-01 8.431171247103887989e-01
9.730910950070966736e-01 9.602995129737342817e-01 8.208935635347137660e-01
7.520915845618751927e-01 1.031047366722897873e+00 8.240836939787177240e-01
1.144711202296231578e+00 1.014866782008662094e+00 1.023346369343611340e+00
1.089067803780908505e+00 8.729901786260667595e-01 1.050279033338071599e+00
1.011223290223490556e+00 9.185285231237829695e-01 1.131566066429486872e+00
1.068803864343509602e+00 9.332002917865251934e-01 1.019483271778350630e+00
1.059342013005883487e+00 9.029321163740334777e-01 1.007548756290944203e+00
1.021806740319196605e+00 1.169606923453107683e+00 1.113267961887160151e+00
1.032004401010550021e+00 9.210917163193652613e-01 1.000789943321328535e+00
9.820051079040120756e-01 1.086146031179147764e+00 8.990527674726993546e-01
1.116525665389638267e+00 9.297560426647725196e-01 9.064346369643589973e-01
1.074438527387148179e+00 1.081165294490038287e+00 9.186219724182487223e-01
9.141993411741071718e-01 1.028890456721334390e+00 1.062243525973535441e+00
1.022403751076373490e+00 9.750483109533630843e-01 1.201651585377407683e+00
9.386770437278652013e-01 1.150325302545784245e+00 1.143039870717010631e+00
1.048763956805480513e+00 9.904091082051327266e-01 1.002182873973705535e+00
1.049827418697165671e+00 1.072295231717984354e+00 1.018061486853243824e+00
1.007395359593338036e+00 9.765972113751983930e-01 8.539149587171569467e-01
1.189403133816955282e+00 9.248690169382436377e-01 1.013999230645355132e+00
9.818718212248022104e-01 9.521503523478309639e-01 9.002837282892659498e-01
9.056563114387584656e-01 1.019344664998241168e+00 9.339936402635832247e-01
1.004450759687178119e+00 9.214897249221378761e-01 9.169306323750834320e-01
1.049503390378395906e+00 1.162068176800172381e+00 1.074049374419339786e+00
9.060376206043021519e-01 8.884302735560898334e-01 1.143822563250106006e+00
9.742033419720166343e-01 1.181022505608651407e+00 8.328622442351846233e-01
8.751047092212749234e-01 9.296739987268863858e-01 9.696836637928549774e-01
1.006390544222591776e+00 1.148928530293249484e+00 9.836947942023587244e-01
9.936825535208496651e-01 9.990760348260473434e-01 1.061333516366657514e+00
1.141684380584311098e+00 8.741375013537902028e-01 9.559117090521336291e-01
1.102468747958183171e+00 9.135588084327660452e-01 9.294258417526221061e-01
1.064179304243211055e+00 9.140794890181477284e-01 1.118020130570455795e+00
9.120459315119258115e-01 1.038306466090893387e+00 1.020329024034038135e+00
1.048835131630394546e+00 9.757285548856529100e-01 1.006953769953017996e+00
1.140099211400368295e+00 1.005949831588833776e+00 1.053147753065859282e+00
1.268131331525173433e+00 9.744194254032965130e-01 1.054808721021149864e+00
1.015508502068839691e+00 9.861744335807806072e-01 9.000885700680789636e-01
9.868910082753145074e-01 1.074031844811216052e+00 9.302239797175869684e-01
1.134978167719735920e+00 1.182224162647964594e+00 1.130974330486283597e+00
8.485809612018373471e-01 1.015981874053141443e+00 1.050062493092840388e+00
1.058345759071407377e+00 9.366377728329676744e-01 1.035725211725488260e+00
1.031436885851295671e+00 1.121563296151212974e+00 9.802904350436003611e-01
9.562951090731339754e-01 9.105051386893893151e-01 8.914908124541963685e-01
1.258315046676622861e+00 9.221228625008964785e-01 1.018479967519298146e+00
9.062947528278719744e-01 1.120688491281412791e+00 1.107917819679894222e+00
8.958358744959660225e-01 1.108789836262986883e+00 1.000481540933142899e+00
1.127613505269273064e+00 1.009872805370337634e+00 9.893812964869163062e-01
1.163456665918214394e+00 9.288785915906839774e-01 9.514856106470231945e-01
1.010215367824738308e+00 1.097300816651927358e+00 9.191379954188998447e-01
9.465536746333941265e-01 9.884943967104241613e-01 1.034455454227935167e+00
1.041957059184325463e+00 9.715326261278993680e-01 9.647638296058788088e-01
8.675604004914272416e-01 1.107006428921467389e+00 1.072528909055951107e+00
1.026506879613185097e+00 1.017895261536270635e+00 1.019010500723105617e+00
8.870069317046893609e-01 9.244433511113656632e-01 8.645649475239778337e-01
9.839399295392768918e-01 9.583843177717701334e-01 1.085993550248576467e+00
9.060250614712710426e-01 9.802802366203058337e-01 9.715121822541897822e-01
1.257128550519349020e+00 9.060926895014236315e-01 1.026672377653182977e+00
9.177036776794259554e-01 7.747614703071392661e-01 1.140036065919824315e+00
1.121199344070526571e+00 9.427760892396809256e-01 9.272557567605790307e-01
9.921020816552198474e-01 9.696386733537250002e-01 9.454202187227291887e-01
8.956268671112495028e-01 9.957929326930258229e-01 1.105609575068079886e+00
9.841949800404717896e-01 1.064345005807449951e+00 1.076595964121453086e+00
1.216944116422090882e+00 9.545604050699768583e-01 1.119542750797523301e+00
9.938889447062470017e-01 9.743932992169362928e-01 1.181622712276741982e+00
9.871685972331426528e-01 1.098435496090435226e+00 9.494169861749675032e-01
8.603187588285051701e-01 1.055686812280036024e+00 1.059802083410088525e+00
9.342441407758483862e-01 1.053169676480816497e+00 9.997908252638296744e-01
1.209477330837033904e+00 9.054749085377246098e-01 1.054406667796577324e+00
7.976045498941395362e-01 8.273355737226258944e-01 9.499093355522928439e-01
1.005514005708493697e+00 9.825173944707062956e-01 9.252340181392787466e-01
9.687410122360921028e-01 7.170409085197259058e-01 8.910696677552905065e-01
9.967051099835311234e-01 9.497621769812500947e-01 1.043180773960704188e+00
7.284614587915336781e-01 1.000021596037763416e+00 9.276450135599922930e-01
1.034619019980107746e+00 1.039731997054540447e+00 1.104432144841450691e+00
1.042814597978032110e+00 9.765395187530822030e-01 9.814295182630715653e-01
1.100804812761636331e+00 1.045225552672139901e+00 1.014279881817148787e+00
9.427352383454749019e-01 1.126281635970953987e+00 1.285326501833694790e+00
1.164305496466607970e+00 9.478358057099377509e-01 8.073880739185392841e-01
9.696490015129821671e-01 8.288315361255756963e-01 1.017615069802463301e+00
7.815790922601008051e-01 1.017649980985447344e+00 9.752406754967937186e-01
9.668419281442831581e-01 1.033768787954810753e+00 1.074439319172221907e+00
1.272072039013838252e+00 9.046841653121397986e-01 1.130743614157278643e+00
9.129279122960397563e-01 9.420552024223960430e-01 1.029359602481638047e+00
1.022864494889982767e+00 8.103026225363442192e-01 9.544152810992414526e-01
8.949887943289073222e-01 9.540790880423821729e-01 1.112762294553977460e+00
1.114791390683243399e+00 9.253013021556327766e-01 1.065864362427481948e+00
1.144032760700663287e+00 1.021471415685504480e+00 1.018475195580620829e+00
9.539320407098744736e-01 1.007259493096546832e+00 8.636470117619757803e-01
9.958808658450920559e-01 1.012760002395745929e+00 9.388436359615988103e-01
9.169053764827977959e-01 1.133279978985769043e+00 9.581318936317347879e-01
1.008022553767577323e+00 9.573165994450375527e-01 1.128069902385210099e+00
1.030689687760342643e+00 1.010379167773223896e+00 1.054754214239363552e+00
1.022880849350470633e+00 1.050218173981245284e+00 1.108984126845439011e+00
1.066919974797643889e+00 1.094662178618731385e+00 8.398140601282356732e-01
1.219505901226169975e+00 9.279480240808178904e-01 1.015837659204516630e+00
1.198349249758180246e+00 1.069375766498694258e+00 1.142082356840778523e+00
9.633845547604704684e-01 9.592362704499768356e-01 9.416787351172059006e-01
8.625691936556743045e-01 1.061193503673569793e+00 1.007018588335329756e+00
8.835278646966260307e-01 1.030815522124448602e+00 1.157258126236117235e+00
1.027802601987626741e+00 8.528017475639384504e-01 9.129430071318135331e-01
8.671313922127054097e-01 9.355521110386846306e-01 1.053814694670853092e+00
1.140401298039193101e+00 9.790856289588607542e-01 1.018472198463820533e+00
9.188109271868968309e-01 7.952888991787915307e-01 9.605857359770048065e-01
1.030529494136552593e+00 1.017340837145279675e+00 1.085144674890180960e+00
1.127783452869595804e+00 8.032262006223775952e-01 1.039299597563189126e+00
6.586801369811532414e-01 9.699232748930006753e-01 1.024402607841831125e+00
1.025389620554716830e+00 1.098513618831630900e+00 8.024264765453461568e-01
1.047610170916843941e+00 1.030184303396209922e+00 9.863177025764928718e-01
9.969008979347659949e-01 1.105651799238301702e+00 1.068326729009386078e+00
9.965773907795553166e-01 9.880105989130013588e-01 1.061170138236123606e+00
9.577406003886695940e-01 1.146158154101985849e+00 1.025522131536492632e+00
1.067579576366760374e+00 9.428305575550032236e-01 1.080584985943928711e+00
9.991200636387100875e-01 1.080795569558372193e+00 9.529753522491590800e-01
9.373061882472014661e-01 1.038029598169109669e+00 1.094177942830958372e+00
1.001290020278372106e+00 8.991291284617355384e-01 9.649321803063495295e-01
1.132580573541658087e+00 9.019227337072224238e-01 1.145156054739222551e+00
1.043721596936898699e+00 9.140657322246853456e-01 1.076410620032758780e+00
9.328826543943951055e-01 1.086941384154873402e+00 8.879816879928494888e-01
1.054084400149724932e+00 1.058408838505688898e+00 1.017418296207611705e+00
1.011236711387242915e+00 9.924929379310214461e-01 8.752180234615274390e-01
1.110217628270770973e+00 7.928561086763554755e-01 1.092673485515642584e+00
1.065029630242946057e+00 8.961130010085783804e-01 1.173197038696914385e+00
8.786449047813779112e-01 1.094346326562810390e+00 1.013854116639740788e+00
9.310970856855587119e-01 9.672722723121818245e-01 1.018024094429481607e+00
1.088042395061927126e+00 1.060360372283148722e+00 9.535444684662822690e-01
7.681664545606312622e-01 9.331276400643951918e-01 8.752156051715125340e-01
1.031607007422588262e+00 8.899391838352808115e-01 9.773002137891456664e-01
1.086406371544744953e+00 8.752146904040079001e-01 9.984195417609055268e-01
9.875794062279146246e-01 8.499247765880084682e-01 9.529388172843664684e-01
1.030263257991353543e+00 1.126335844643205020e+00 1.049610079902053572e+00
1.088361843920159444e+00 1.150263458882383905e+00 1.105847110510592257e+00
9.258293484522230887e-01 9.990555013802925322e-01 1.237888214404281317e+00
9.417587742226777303e-01 1.047211759139529796e+00 1.066928159152461753e+00
8.786727069147749480e-01 1.023850518986909597e+00 9.460783165230794989e-01
9.468341273554753412e-01 9.073301570192955356e-01 1.043233353513950412e+00
9.902293411413535251e-01 1.017501412201421651e+00 1.096706106503052780e+00
1.106085562624844698e+00 9.056236260838114172e-01 1.271386404918822155e+00
1.209750910302597404e+00 9.035707608442824501e-01 9.173969697674593249e-01
1.071179615008484909e+00 1.179784541129252906e+00 1.177934099204309915e+00
1.038999660076201481e+00 9.460089330959652321e-01 8.815437289774272767e-01
9.888934985704943559e-01 1.120299921330959236e+00 9.146462258169192339e-01
1.005295515184801536e+00 1.198536148702196602e+00 1.008185998158924068e+00
1.038271751138355237e+00 8.813327258984685608e-01 1.223730842116433681e+00
1.079406692414689672e+00 9.665167052952625681e-01 9.825681893211707374e-01
9.689535358017202782e-01 9.339098068815933074e-01 1.122751347925912135e+00
1.079525909053548061e+00 8.727360510490519419e-01 1.261052760495190661e+00
1.082264763041981714e+00 1.118328398859063100e+00 1.075255882248481232e+00
1.080967753033489354e+00 1.026177955523014163e+00 8.433124233466533504e-01
8.744794375127769026e-01 1.030958768034304196e+00 8.918017427161430977e-01
1.121770924930823643e+00 1.002592725115257100e+00 8.576213561845278388e-01
1.023800729476785243e+00 1.011136636065438799e+00 8.815409802255063099e-01
1.100517854434146070e+00 9.667342687190498829e-01 1.160028735314937443e+00
9.052563020818892303e-01 8.478208537765425934e-01 1.029730040909639488e+00
9.941722987726823169e-01 9.514375234245131541e-01 1.075077040403670914e+00
7.097335834707976243e-01 9.051740109770062270e-01 1.146753844326021232e+00
1.041816742830755427e+00 1.028968536872250095e+00 9.246452380817654637e-01
1.008592039325920009e+00 9.236665043548475396e-01 9.118084879345988991e-01
1.002784883733482735e+00 9.883008922091865989e-01 1.133864098198336556e+00
